3137483
6893167
9486493
9704042
13561750
24840763
27122080
29618682
33851085
45893607
49577858
52042316
54067306
64538795
76956109
82460537
84017446
86439768
86750293
86894675
92292087
105705141
105806587
107076912
107512361
107964786
111883427
114409077
118250305
122556790
123355423
124907334
130522429
138943860
141908366
144388219
151791023
152222332
159877215
171458407
181525693
185245329
186629880
193599260
197769558
199785116
210020878
211513024
222772686
232670816
234890347
238653750
252352313
253452364
253754591
255077060
258253884
259248723
261549469
261654107
262602020
263639060
275929276
278680786
284360544
288830383
301525258
326344709
328840457
333401541
336695455
344285661
363388095
369492974
379662428
380507688
388331666
388487392
390164092
390258355
392113169
398695801
399706064
402972038
408425205
409828757
415254172
418206657
424587460
430347139
431348942
441388038
445896724
445963550
451310578
457045781
459331830
460002463
465683552
471577534
473111384
479046938
479326098
486962881
490433737
492596661
492608918
500209747
507462143
508834631
514197901
517696817
521937249
530878229
535277800
537381943
537972378
547909744
561536783
563449144
568102114
572447124
574899834
577105121
584011182
584620857
585717643
587234675
589978770
590744030
601970386
607029508
627216428
627767787
636203800
644287848
644494913
650159178
651392074
662321836
668099110
684161342
689967337
695801932
696335345
702453439
706021687
714071368
716791829
720794143
721681612
725559179
726640616
730381973
734820939
735664891
738840227
750276424
753137285
758524336
770164282
777029187
785124400
788514706
792721423
794818130
796915313
804325154
805396086
805674189
807734007
809037464
810942155
821141717
821318437
827799366
833611596
837234260
838102022
838679025
852848491
853040475
854799679
857433884
870676953
883370177
890326473
891317925
899741821
903120079
908457894
908876659
914905917
935602303
935617305
946486070
947203989
954197656
980674971
991779466
