12859156
15525524
15862490
20284274
28593057
30270234
30385475
39217707
43986008
48981388
51501537
52242352
63434253
64376777
71152364
73320971
75643710
79298120
86123747
89879504
90987333
94298673
98924960
105189416
107327829
109615754
111081816
112071645
122235684
124899101
128102125
129970216
143559757
147057245
157604702
158491726
159260434
160697532
166534474
167744325
174973447
181129636
181207026
181759287
190909786
192280548
197798458
198790929
199106258
204691628
211711521
213073240
213618775
221085467
223950783
236045893
237047523
244104481
245956505
246074347
258696919
259495397
267038874
270642684
271387104
276233511
281210084
285178471
287932039
294737782
308361193
308371716
313013807
316820733
322288320
326864868
335313868
338984039
346004791
346437801
349448717
353446304
354521177
364449081
365846440
378596649
380246021
383067420
395964106
412084169
428913771
436983221
437449440
443712192
448586914
456889617
460820083
463723207
466386778
467166734
473404092
476310204
476527857
478296862
484146669
489730288
491901715
492135620
493443159
495514937
499684876
506807145
509145107
515178574
520933988
535717632
538494750
539702504
546796480
551227688
575369790
582945056
596514278
602208596
603949533
615390621
619988478
623822489
641192611
647825656
650200957
661925023
662389620
663018544
665707808
668676543
671369201
692571645
694582334
697550323
698992659
702999177
704877651
706936549
708017403
722724140
732148200
733060656
743668380
750084187
750691021
752786985
763786141
765471651
767667080
778112575
779547971
788762770
790415195
790630115
791029120
794539614
795795943
797493452
797626984
816121217
841433387
842733267
843972612
855971252
859765689
868207904
869600562
877133432
879127422
880482618
885998054
900414847
902869099
907586057
909468081
911050834
914005100
914079371
920684479
921673684
927434722
927786846
931111746
934332553
935446039
949609803
960090029
963277081
963582758
969574730
979952159
983810353
989162369
992929017
