157281
179830
956462
2723788
2884442
3065689
3434551
3548733
3659478
3791126
4083725
4806555
6284888
7216435
7907013
8370358
9569686
10113454
11623179
11658877
11709832
13929376
18155295
20431902
20633589
21074518
21345911
21525414
21776291
22320766
23484082
23523894
24818375
25811290
26118281
26174930
27598885
27622389
28466673
28550471
29010708
30168726
32238459
32248094
32345343
35450547
36731660
38284432
39184687
39319958
39836200
41284908
41591403
41902828
44315759
45595823
45719698
46925653
46959216
48139376
50150670
50891896
51903791
52211676
52366666
53135208
54685452
55764074
56047546
57241852
58699583
59920101
60200851
60289684
60397631
61488770
61998629
62092815
62118081
62684484
64371954
65333585
65971458
66816912
67560759
67777801
68263372
68824625
68848225
70464328
70876755
72967517
74366621
74587168
74879952
75437773
76088157
79124569
82978970
83045196
83706644
84183207
85111091
86529211
87816178
89995549
91468674
91979581
92419661
93876498
94362682
95309818
95507193
95746677
96173798
96773038
97875172
99822179
100322903
100346740
102103404
105196539
105260773
105948723
107608318
108109731
108278474
108345239
111710113
112396068
113566038
114480891
119429029
119539319
119645301
120676894
123160273
124615675
128256114
129003620
129352773
129851421
130178458
130673535
131113351
132397810
135035098
135066652
135183462
135921807
136615575
137107750
139034729
139322489
139436875
140711848
141009886
141058081
141376654
142451137
143593334
143786116
147562190
148004820
148083376
148495951
150264863
150698145
151265335
151416553
153318438
153617992
153788765
154520084
158139012
158592367
159258182
161489740
162138985
162454927
166208473
166215898
166405721
166447721
166487411
168030415
168639540
170569552
172180615
174160696
174631971
177223641
180405707
184294749
186387475
187665953
188228791
188343286
188549368
189333985
189519075
192741856
193040890
193156976
194249950
196322164
197228860
197369168
198130003
198231778
198257594
201740594
201951694
202298254
203071502
203354966
204332075
205705361
206012435
207515920
209394537
210643338
210714261
211630950
212940236
215794679
216721446
218862669
219113268
219992449
220252923
220651037
222211327
223681223
223721954
223775427
226803839
228491854
229767690
232466435
234212001
234461572
234498816
237521195
238126105
238320317
241382193
242430930
242690174
242931252
245010554
245811427
245867445
250282190
250725681
250802684
253005566
254620337
255624348
256493015
256869342
257364295
259117860
262421500
262650155
263154731
263709714
265459429
265966225
266511509
267693397
269019609
269447822
272732375
272733896
275118713
275926312
277156147
277682575
279115158
280056037
280419148
281709511
283263007
283702277
284359130
285796326
288782163
289043893
290669239
291494257
291634011
291878959
292704325
294111609
294407087
294709596
296225880
297913262
298130487
299449563
299474785
299944979
301412693
301680477
302141417
302170904
303381652
303663365
304560033
304869767
306051067
306587183
307183542
308031166
308801751
309617359
309804789
309958765
310584599
310636549
310795973
311020017
311378103
311496387
313138385
313946577
315294198
316033482
316856055
318164570
319047998
320585876
321190962
321517630
321928409
321986680
322371389
323089447
323160842
325893443
327498918
330433206
330614183
331634752
332129862
332552928
335877940
337664449
338368942
338375307
339019355
339641908
339765013
339900636
340001427
341569278
342220135
343031536
344403890
348757950
348769387
349201705
349507592
352423950
352456499
354748045
356003561
356403060
357354472
357559242
358352898
358460695
360048230
360390560
361367363
362143061
363318028
366364312
367247476
367814103
367846605
367964005
369504835
371136312
371374537
371864365
374972789
375900970
376069191
376157914
376625697
376873755
379476639
382342674
384755815
385434302
385635823
385643936
385668564
386960390
387111118
393860011
393951320
395588461
395795631
395934201
399830988
401149029
401796222
402847211
403190792
404734814
405996916
406175153
406365528
406899130
410187013
410213844
410335712
411375721
411663795
412416164
413756803
413793183
414093982
415137436
415166557
416215637
417044873
417087664
417374582
418606003
420393812
420493104
420838733
422818460
424067319
424441603
424528706
425556628
426095496
427820887
428209384
428222351
430172853
430415557
431034403
435077349
437446876
437504096
438760803
438886657
439261518
440858053
441751437
441774925
442604253
443694505
444192713
445101882
445517942
446386645
446415229
446689345
447425000
447748080
450117820
451114655
451465589
451472270
452279864
452356227
452571311
453469278
453491221
454426065
454618103
455213710
456547845
456932550
456981608
460753523
460893385
462273002
462390839
463922554
463933965
465678559
466903349
466944781
467034842
469267565
469493391
469734378
470794163
471741827
473815949
474310281
474367314
474863396
475406827
475857214
476170489
476451594
476666885
477394839
479013128
479192373
480516160
480859087
485226162
485862193
486542808
487232832
487310473
488208958
489778854
489964439
492231267
494424269
496164042
498529057
499569526
500213033
501407276
501502274
502482288
504861004
509050867
511763791
513256624
513657512
513857513
515221379
515783231
516137120
516424576
516460493
516646665
520273161
520488252
520665937
521251312
524239582
526307000
526979898
528693851
529548547
529564326
532531073
532569119
536871943
537910502
537929925
538122802
538247337
538626355
539018567
539352137
539623362
539879310
542057222
542272311
542626836
543819475
543861135
544078578
544425424
545507022
546351709
546574378
547204950
547371145
547428262
549719858
553542727
554168425
554409864
554741042
555221570
555516103
556368911
557473017
557543792
558493576
560069368
560257719
561097926
561218284
561457071
564316663
564824045
565264291
565882876
568568232
568724098
571613718
572781828
575772472
575882300
575975198
576657848
576727419
578546190
579964029
581140714
582828784
584631242
585437250
585865194
588233592
589786832
590417502
590525895
593581920
594660734
595407055
598283578
598613665
600917808
602428375
603209560
604280877
607010127
608475202
608807323
609382225
611484719
612903219
614836406
616757431
617526761
617616176
618063657
618990827
619130354
619882546
622652621
626276068
627866161
627943195
628718940
629836477
630116382
630630741
630681515
632082234
635659787
636860392
637388837
637449360
638148236
639056170
639778809
640035266
640680849
640746918
641930091
642912295
643274532
643370261
646620199
646835929
647734206
649157558
650184201
650374178
653101704
653591854
654720236
654993630
655200088
655446316
655663334
656888292
657047425
657297014
657309832
661757903
661836689
662992127
666641484
666691679
668385595
669291805
670676109
671355716
671915732
672837054
673095066
673122169
673613390
677910771
679171197
680888062
681507351
681602769
682357540
683029285
683325402
683404634
684877824
686383202
687888638
688175610
689000164
691396398
691847790
691887326
696117885
696304857
696973243
700730745
700733240
701725113
703576876
704607800
704651750
705644526
707154850
707838396
708492955
710658667
712354557
713652807
714232172
716885141
717049247
718344126
718443474
719065230
719751808
719787361
720524777
720873022
722352203
722857964
722947551
722997316
725499884
726560630
728218542
729175890
729519821
729576181
729879244
731935247
734575348
735316467
736464209
737104882
738882124
739323694
739509915
740460876
741548835
742078923
743166486
744205368
744314014
745054430
745644394
745806029
745919993
748715282
749373805
749380279
751871465
752005811
752254012
752622338
753802411
754277697
754462917
754803587
755552827
760873482
762077904
762215972
762938242
763075190
763507453
764821092
767207201
769528375
771326062
772925721
774575702
775726728
775907278
778480763
778498572
779129764
779820619
780259436
780570388
781250092
782676389
783552759
783726512
784110460
784615709
788233982
788386902
791751009
796443241
797479229
797771898
798084101
798481028
799431015
800590396
801264487
802074278
802767172
803349215
805819886
806361501
806887419
807171604
807331561
813084522
814856993
815346960
817253366
818173631
818561242
818885855
819266066
819976496
820253702
820302529
821391410
822127045
822214545
822554783
822894853
822926591
823017416
824281619
825915745
827223168
828286536
830277268
832829070
835311174
835831308
836139851
838477936
839309078
840550299
840710807
840728311
840841210
840928315
841913105
843364137
844156832
844524606
844607716
845644555
848569398
848763342
850999251
853410505
856048791
856618674
857779395
857935871
857995381
859099495
861816637
861929937
862292226
863057641
865375676
866681407
872613221
874189480
874527012
874946198
882245813
882537701
883111721
883260720
883850181
883938651
884027903
884115496
886617173
886831610
889149173
889667762
889754144
892841863
893787699
894319080
894533874
895735727
896267752
898139869
900873967
901109045
901985237
902391290
903599341
904111304
904723522
904831602
905561851
905960826
908254991
909332126
909567990
911237421
911343922
911893948
912134723
913216281
913335770
913913741
914428944
916260552
916695755
916722990
918719851
918796047
919039198
919517057
920079727
921247384
922374761
924538910
924921098
925353722
925451532
926250897
926536107
927591472
927833867
928307644
928979155
929892822
930156731
932601660
934877171
938356043
941211628
941942320
941991307
942056619
942415418
942620894
944807130
945819179
946794773
946833519
947619270
949624193
949728167
950641154
952575441
952702527
954801266
955655388
962645389
962696073
964336977
964390244
964955534
966494528
966789232
967873599
968184605
968367503
969125125
969138084
970014210
973196037
973440816
974962164
976761255
977312179
978288870
980619525
981301716
981962753
984830272
987613995
990007496
990263885
992623881
993770881
995001975
996139334
997084201
997566215
998282709
998956411
