435874
614068
725768
1166414
1235946
1569849
1679695
1815992
2314313
2655449
2754426
2757916
2873038
3044648
3237836
3484630
3729417
3807155
4778194
5563528
5578324
5638424
5953697
6330865
6556040
6848195
6854580
7099962
7266407
7333788
7721109
8253947
8299923
8399996
8556837
8657116
8695125
8780419
9099680
9815572
9950544
9971784
10002396
10090412
10147040
10290140
10302352
10382761
10899674
11325589
12187618
12279027
12724887
12956853
13169872
13194223
13250637
13585139
13598909
14682844
14810579
14945047
15122787
15191689
15846122
15956152
16464447
16479358
16799547
16812751
16891857
16944811
17415986
17439966
17481970
17647321
17863798
17920106
17959560
18406723
18514813
19574893
20123575
20333847
20405269
20812641
20912992
20972273
21833792
21882877
22275263
22394554
22585366
22932394
23375849
23557463
24250578
24411864
24885365
25409494
25673445
26226563
26373949
26614158
26870011
27571992
27681228
27772220
27824235
28189836
28198506
28222260
28612164
28636900
28802482
28900946
28955006
29100607
29635852
30266145
30465806
30816384
30998324
31081879
31088245
31165166
31344962
31521039
31810311
32519237
32917811
33136428
33318206
33436988
33447745
33729406
33898577
34020981
34075063
34593072
34607126
34773472
35046782
35106082
35128844
35328023
35824891
36052248
36317983
37365109
37971349
38546365
38684919
39019611
39321248
39403247
39476288
39711044
39749508
39956218
40048684
40229006
40380477
40531056
41078352
41127742
41580226
41783553
42028540
42329671
42463863
42672287
42763764
42800191
42836793
43198431
43223380
43226844
44047803
44097647
44232045
44678958
44913399
44996163
45168545
45421708
45478504
45689604
46562851
46744734
46865930
46914391
47036629
47137549
47285340
47337803
47498828
47563208
47605080
47659674
47978060
48578655
48629555
48644109
48690765
48766522
48814238
48872110
49086585
49315449
49330844
49372289
49382425
49621604
49995533
50341410
51270577
51329185
51979048
52091933
52246275
52265802
52660856
53432064
53839920
53921577
53992714
54267347
54308262
54318806
54337019
54508960
54544899
54930149
55142186
55165334
55239803
55337035
55417727
55606161
55926488
56027635
56227043
56263020
56361897
56488296
56556289
57184151
57562304
57564650
57656107
58165865
58201193
58546865
58593156
58821683
59086532
59499094
59527291
59738492
60252954
60257560
60314355
60606325
61073976
61085229
61380746
61587757
61873231
61994392
62176039
62196678
62795957
62959284
63063063
63215224
63525343
63657733
63734988
64035859
64311845
64331134
64404084
64671796
64698991
64907817
64927936
65015165
65082363
65310776
65452690
65452764
66312199
66436383
66705490
66857303
66874023
66875719
67177312
67438668
67753684
67878777
67932588
68000803
68244921
68461684
68582026
68747287
68965204
69727803
70161976
70525764
70596494
70772317
70990535
72083844
72127903
72191273
72253060
72370545
72512549
72541521
72670118
72972420
72980019
73321814
73456403
73466219
73574218
73669588
73678414
73864104
74009197
74041730
74108740
74258554
74316370
74539964
74716780
74958005
75133802
76051319
76082500
76228245
76248559
76428684
76675731
77390472
77892576
78151583
78198716
78354184
78374393
78414859
78663096
78910051
78927201
78954113
79189225
79308612
79419456
79512774
79545125
79634081
79661615
79811669
79830621
80195016
80346223
80348617
80574838
80600295
80792472
80852074
80909963
80943908
81084980
81600593
81623972
82011731
82389284
82555101
82593686
82611003
82753316
82855381
83197117
83604337
83630600
83686071
83862154
84211091
84446671
84564737
84675178
84747224
84791618
84846271
84848753
84857208
84901228
85068029
85973340
86019028
86167773
86237917
86373782
86519602
86561759
86748119
87174381
87212377
87512088
87597497
87623171
87907572
87946147
88029013
88087644
88498371
88506190
88703430
88766909
88783547
89761677
90060226
90137896
90461372
90547712
90945411
90966348
91001735
91048514
91163279
91221925
91248659
91462297
91659287
91926217
91927283
91969690
92013357
92185888
92570281
92573170
92755745
93053577
93080561
93133974
93397288
93734690
94264587
94553481
94628740
95918514
96057712
96227496
96689473
96779973
96955134
96961971
97044071
97647841
97924383
97951867
97970787
98061499
98269319
98433586
98476695
98524063
99104722
99282456
99886596
99915275
99926988
99959766
100010094
100082623
100105056
100140141
100223044
100273738
100317984
100344359
100395400
101281557
101474984
102097643
102202698
102247242
102393989
102418976
102625025
103416251
103685265
103810954
103950725
104078666
104328975
104359116
104821934
104889313
105128697
105675387
105702499
105877984
105879779
106323670
106389694
106492059
106551233
106681214
106917560
107064620
107354053
107586738
107765664
107873599
107918827
107939087
107959268
108337018
108599066
109255425
109415691
109770151
109968815
109980341
110152642
110154881
110163669
110373808
110385522
110493305
110811807
110909937
111134294
111225158
111240259
111308231
111614410
112259020
112313264
113321496
113449146
113669678
113757100
114014134
114257751
114408183
114447237
114518079
114860711
114908010
114929002
115213239
115424112
115923129
116066793
116070149
116198604
116335741
116396351
117008688
117095851
117281149
117326729
117427280
117434526
117687031
117999418
118032515
119032752
119066986
119385981
120117054
120123666
120483278
120953538
121057584
121166014
121559383
121814525
121827951
122030010
122210617
122286118
122358216
122435172
122500131
122628457
122655758
122824732
122851168
122978730
123240112
123357166
123571865
123662532
123666470
123838514
123847257
123940587
124173718
124469868
124539647
124628497
124683417
124811770
125279834
125572934
125967304
126042285
126074193
126128312
126444910
126552991
126762436
126942964
127186396
127381397
127572362
128205773
128250953
128370927
128727266
128832213
129486590
129553265
129640083
129927269
129981882
130307805
130311939
130380269
130833665
130861323
131167999
131244840
131556899
131680929
132239057
132702394
133316990
133398648
133523720
133654018
133815413
133871736
134400576
134568604
135034324
135209737
135497187
135528741
135538456
135555899
135591568
135917419
136105947
136245128
136290703
136674237
136737888
136843584
137039296
137217505
137798236
137859287
138151258
138460786
138548086
138712095
139340792
139577989
139710404
140224505
140346956
140409084
140466536
140529481
140674381
140712839
141102355
141522640
141640592
141674152
141715543
141905500
141921987
142068763
142224154
142278314
142475723
142485313
142796714
142964672
143171768
143247463
143359401
143418388
143811545
143825321
143980993
144096091
144193987
144796859
145415636
145480775
145587477
145668163
145706210
145737277
146148980
146162540
146574716
146603034
146865585
147141682
147241457
147330045
147354744
147395716
147604106
147630403
147709679
147746438
147848992
148033880
148264937
148578017
148604290
149027517
149078381
149117905
149442440
149502403
150084428
150088694
150141520
150270803
150279322
150337960
150469429
150519597
150642261
150980852
151136695
151266214
151782582
151857566
152122560
152336745
152655630
152725050
152872361
153308283
153387313
153671484
153815116
153824712
154164462
154263081
154785699
154824511
154905897
154996504
155308128
155357534
156304376
156683320
156696327
156819248
157027702
157243284
157277541
158214411
158220114
158435089
158453521
158580752
158672959
159014493
159272239
159553112
159877461
159923818
159976144
160045822
160199682
160221190
160545470
160902774
161152186
161462131
161669421
161861139
161953189
161985842
162089272
162166848
162536735
162598077
162915636
163321843
163619298
163650505
163894795
163939376
164073400
164109919
164142683
164272995
164299106
164481748
164752975
165325235
165510032
165564833
165593497
165627642
165653546
165744099
165917699
165950383
166140258
166211829
166371119
166560311
166834924
166870811
166910922
167052653
168075622
168638768
168910304
169016920
169017588
169042105
169119969
169379374
169587940
169625036
169633510
169737590
169820594
170057261
170452446
170700744
170894498
170937380
171092615
171476207
171494637
171784435
171944408
172134062
172684373
173461957
173497327
173910700
174008639
174211616
174429624
174476883
174484941
174485243
175842194
175913951
176218805
176473863
176496293
176670424
176678230
176777762
176799196
177215428
177303722
177731206
177746324
178158234
178221407
178575192
178604592
178632824
178933456
179170491
179187532
179275105
179537578
179587066
180162221
180531127
180613009
180639501
180793819
181071418
181747678
182001119
182088279
182204745
182518553
183085932
183825267
184021712
184547422
185250002
185283722
185388355
185510711
185953213
186009450
186293158
186630878
186860433
186928799
187095435
187317728
187364857
187974375
187979290
188000513
188047830
188109614
188436227
188592093
188598352
188650860
188751681
188856883
189125618
190108532
190209201
190736564
191634595
191735734
191825997
192157835
192486308
192569534
192580427
192587044
192673892
193195372
193253475
193334613
193555835
193720285
193763673
194181873
194782734
194872482
195130056
195249057
195381429
195719504
196542559
197018781
197438548
197619784
197958983
198053584
198407302
198803134
199434489
199451515
199528037
199767568
199929730
200050585
200131434
200593456
200746596
200895568
201126777
201210399
201415220
202038796
202120588
202379343
202557660
202563940
203805386
203832812
203901283
204036387
204095531
204152670
204235259
204451095
204528085
204666325
204853117
205145276
205195749
205665554
205718272
205986733
206085476
206164050
206442077
206785808
207029662
207371533
207405357
208202515
208323285
208432166
208773243
209009538
209517616
209833231
209968304
210659326
210777576
211564862
211606895
211818984
211875497
212406764
212954978
213579170
213736772
213814138
213907621
214061901
214164216
214179101
214289692
214423806
214533665
214939857
215469014
215601773
215662642
215801027
215984311
216456682
216968866
217064188
217237515
217661025
218106480
218181642
218331154
218568997
218610946
218927025
219068042
219321646
219497661
219594317
220325776
220337809
220548167
220595661
220959407
221278458
221856166
222086735
222122096
222203053
222433532
222434334
222562836
222631460
222947698
223110563
224292944
225108249
225354965
225567963
225681936
226161867
226353775
226586581
226810757
227007332
227268503
227416584
227426863
227473778
227746886
227761953
228426553
228766544
228872698
229159242
229460134
229509408
229730155
229766590
229987621
230035022
230393232
230635563
230879256
230997172
231009561
231465414
231557515
231652222
231875999
232341238
233019716
233264702
233291033
233291547
233754555
233893106
233969748
234037646
234517688
234657613
234848459
234978881
235154329
235287540
235602191
236456621
236779871
236791759
236801619
237135066
237331022
237342839
237591250
237691219
237887233
237911187
237937327
238371847
238411494
238836384
239111798
239362341
239643129
240756713
240777602
240781088
241071485
241096660
241206079
241266931
241270488
241387305
241423782
241449138
241961866
242096876
242251928
242313086
242329714
242512383
242836476
242870588
243248743
244258191
244261532
244322679
244378798
244961731
245247378
245343109
245805719
245824373
245829826
246599912
246709900
246980616
247079497
247083812
247087743
247538338
248315126
248499712
248541776
248545713
248952994
249262723
249310440
249344539
250006353
250179421
250180427
250636897
250785761
250838144
251064359
251258749
251410032
251429015
251619881
251785565
252082631
252114611
252188235
252548261
252889019
253164777
253398109
253524015
253691745
253727962
253810544
254193540
254194771
254231714
254373770
254418892
254697684
255046107
255164255
255477113
255555531
255730504
256022467
256135680
256165519
256234948
256287095
256415500
256805216
256888294
256927167
256943695
256979659
256990522
257109965
257553274
258045858
258205053
258303887
258413465
258480413
258589021
258633898
258737619
258738317
258859561
258906986
259154084
259564054
259779090
259868249
260056579
260301107
260337343
260472583
260482447
260642799
260757540
260767346
260916298
261142486
261246928
261259074
261530104
261704064
261846370
261899532
261976301
262204999
262298393
262508142
262585121
262781292
262897676
262935648
263202977
263598427
263850592
264371717
264623437
264697908
264774064
265471644
265518424
265713980
265764028
265785059
265809875
266012797
266058599
266186631
266200875
266338529
266467312
266467544
266493008
266535973
266570563
266578178
266992705
267574609
267930513
268018471
268088898
268227631
268438908
268540924
268830491
268853440
269085407
269108475
269137895
269639388
269942642
270260533
270578414
270874491
271011200
271031968
271096600
271314895
271993587
272354893
272706093
273221357
273506211
273685835
273799489
273928805
274154962
274361983
274796224
274843786
275139575
275354619
275919523
276236056
276302498
277403790
277818215
278304807
278364310
279340713
279484009
279995032
280004069
280016058
280236885
280477683
280840558
280849661
281080560
281272327
281493671
281519299
281699808
282195698
282340033
282811832
283450553
283856728
283960237
283968123
283975609
284063364
284161612
284172112
284566044
284602384
284756779
284759615
284936197
285042337
285111130
285201412
285220694
286389162
286480450
286682971
286749454
286874458
287037751
287057426
287169808
287195524
287643522
287732777
288187517
288199600
288258432
288339233
288532840
288583671
288749542
289385259
289659515
289998761
290894296
291086098
291126537
291261014
291651334
291751878
292010397
292036942
292168202
292322121
292431670
292624015
292907427
292956587
293062061
293310667
293364102
293421844
293482659
293587744
293622794
294226159
294539550
294689553
294721069
294801573
294846763
294928601
295000621
295121074
295296179
295444277
295976645
296225446
296311802
296618390
296641124
296889215
297083132
297391755
297721596
297760792
297773877
297928718
298668350
298742558
298775766
298870482
299012686
299085574
299110343
299147754
299240862
299496923
299580835
299708182
300281010
300347789
300368694
300460098
300969989
301048226
301812742
302104065
302533494
302550088
303124688
303566540
303696046
303754671
303867539
303932500
304133583
304505751
304713332
304994549
305100495
305307028
305545745
305931388
305939035
306002884
306084084
306284028
306462391
306635834
306798268
306819991
307209235
307298630
307613928
307829477
308034406
308071259
308246619
308261300
308427014
308570854
308839723
308840720
308842146
309011489
309268943
309346714
309350265
309471503
309883716
309893263
309957384
310133983
310315830
310594268
310669201
310791488
310812797
310864588
311032572
311612760
311774120
311871167
312737284
312750915
312814503
312940071
313097844
313184748
313368711
313383963
313629152
313679331
314214115
315001254
315081566
315429295
315933049
316644047
316779880
316794215
316872439
316905717
316960306
317001612
317161302
317217932
317335858
317440983
317457352
317604347
317690559
318092217
318587604
319280490
319367188
319378952
319561201
319662531
320364823
320396197
320452650
320511037
320571903
320632895
321214426
321300425
321322967
321346113
321455482
321549249
321856529
321897671
322002819
322076028
322095317
322119408
322406106
322468580
322589929
322660441
322913264
323142470
323337234
323358638
323646570
323821937
323873102
323893509
324017094
324125621
324211872
324371087
324400672
324474225
324557359
324825305
325150964
325155441
325164079
325545658
326240903
326283245
326320130
326515425
326551245
326808977
327124037
327696198
327899285
327899537
328038048
328786222
329097422
329233929
329430802
330187039
330190783
330295664
330366556
330894547
330989881
330999662
331162800
331165907
331292818
331642423
331714152
331769776
332091877
332097676
332098383
332288618
332411019
332759989
332941445
333041955
333108786
333154770
333297890
333310361
333609196
333665422
333910025
333975497
334618074
334702822
334889710
334961542
335489452
335569630
335596237
335632899
335775088
335997460
336146289
336280635
336458586
336515102
336730606
336808455
336824737
336889280
337064353
337190678
337351729
337352358
337568796
337675369
337695739
337710224
337777716
338238241
338817025
338868427
339451556
339492674
339699535
339809925
340012324
340030663
340405868
340419907
340696084
341511874
341639230
342019016
342185272
342238518
342420233
342426442
342648079
342671456
342863363
343154754
343285529
343527737
343847870
344311548
344311586
344733679
344851196
344898148
345236735
345331485
345505799
345532283
345848708
345864933
346012478
346071904
346090161
346454337
346673808
347042200
347112584
347464644
347520416
347646966
348059918
348294647
348303473
348354409
348717183
348981305
349019278
349165212
349917685
350023635
350236225
350309958
350444259
350811990
350845460
350948014
351424185
351436694
351492250
351581531
352101316
352108572
352150647
352194058
352313624
352318696
352468587
352699013
352788129
352794611
353842723
353932473
353954673
354002758
354123990
354190155
354549587
354617185
354650074
354794895
355069350
355184454
355281184
355397438
355569462
355665802
355699119
356049246
356192204
356401418
356476596
356681425
356715514
356954682
357039137
357517705
357599735
357629711
357887167
357944766
358102728
358153605
359327003
359420281
359715348
359722166
359748735
359905654
360015275
360613550
360916347
361178244
361203124
361597989
361971444
362388455
362456889
362516271
362661837
363016614
363318956
363512350
363527356
363692735
363925049
364037804
364090064
364323393
364549612
364883950
364938258
365278987
365436049
365708674
365830215
366034277
366394187
366932310
367570835
368164906
368365044
368377143
368763500
368909933
369087606
369106688
369812603
369919929
369935052
370228863
370405910
370574014
370585534
370626529
370838810
371048258
371178705
371363809
371539452
371686188
371904990
371969615
372271797
372807202
373045064
373415078
373581239
373620340
373984594
374015041
374281674
374524558
374745382
375138838
375364113
375442872
375617211
375767056
375932035
376486996
376685251
376908532
376990466
377040284
377084942
377458516
377470703
377577220
377698143
377753674
377895080
377940931
378146284
378278218
378301747
378557676
378833337
378918222
379673044
379759538
380012570
380284107
380412754
380424119
380578233
380990401
381187819
382049366
383298103
383426624
384194737
384638726
384659715
384708210
384897084
385123110
385429460
385515372
385752015
386041850
386066116
386165467
386458467
386680089
387014547
387195336
387298927
387493096
387509692
387726245
387754927
388149273
388457631
388463544
388509962
388536370
388736388
388856231
388896443
389256938
389336282
389431174
389747629
390102359
390732457
390816787
391079829
391163514
391541578
391766764
391932454
392358645
392566853
392747974
392750748
392767278
392836532
392922240
393342201
393914829
394009507
394422907
394435754
394647257
394665673
394666352
394801749
394966219
395157577
395430792
395521185
395765839
395928981
396098177
396115351
396124146
396232693
396287154
396442646
396776692
397341481
397853519
397864507
397897455
398041381
398320110
398370582
398441427
398585961
398866784
399264207
399291766
399446327
399960213
400126515
400299721
400346767
400561082
400718660
400721199
400830389
400834337
400957212
401176618
401486939
401538092
401707828
401902658
402074351
402482554
402559419
402838221
402982778
403111666
403346325
403786306
403935666
404022022
404221050
404456327
404499880
404612520
404790811
404981031
404982743
405026213
405333621
406919288
406936666
407059676
407083673
407104143
407231644
407245006
407693523
407849850
407903732
408021882
408031980
408099975
408226265
408244633
408427798
408431021
408732434
408807900
408992977
409123009
409261668
409343829
409486794
410032406
410684364
410751046
410753814
410943598
411086777
411211819
411221078
411281012
411318205
411859868
411872350
412005439
412151733
412256916
412293741
412351122
412477736
412834919
413061224
413600440
413646070
414341484
414548900
414642708
414838889
415070154
415156661
415364404
415410649
415524530
415985367
416396603
417061783
417109257
417298229
417305280
417509245
417532243
417853724
418197538
418353415
418744974
419212169
419246503
419544755
419977113
420639451
420861681
421490916
421659217
421910884
421929719
421931770
422043490
422240582
422950895
423076025
423431477
423625992
423671208
424410834
424753348
424871030
424951250
424971817
424993183
425146690
425568516
425689202
425880424
425904456
425956648
426164289
426269674
426351920
426717340
426794469
427044165
427322429
427385805
427499187
427521016
427589822
427606494
427667092
427849588
428118701
428133274
428414718
429086280
429123992
429151399
429520110
429979713
429982328
430121245
430256336
430338918
430361198
430391423
430489781
430613729
430986098
431233244
431929128
431942087
432074125
432190231
432311310
432557724
432990767
433550699
433979662
434131719
434222401
434245762
434900128
434916368
435164258
435312769
435391971
435968611
436019893
436038528
436164913
436344399
436383774
436398872
436489528
436913550
437077308
437656494
438076670
438134097
438211092
438364955
438404342
438460431
438508549
438642403
438912794
439017530
439304662
439312437
439625898
440211187
440272920
440639384
441066404
441087900
441102414
441156077
441417711
441671360
441948074
442000551
442070132
442073642
442437192
442697755
442802779
443109075
443412542
443516366
443721204
443778963
444056890
444325176
444328940
444454140
444726404
444770805
445002643
445461013
445478870
445492166
445541033
446058739
446066704
446129354
446143048
446270451
446279777
446434187
446510829
446650213
446665485
446863451
446952114
447025173
447221915
447256709
447286055
447306651
448371040
448495473
448700579
448968760
449080818
449146950
449533634
449661921
449920675
450033924
450139320
450156166
450294365
450773824
450784243
450791704
451034639
451125671
451360199
451450815
451898779
452002959
452155193
452651788
452991960
453456129
454124989
454200826
454234434
454330180
454340903
454466340
454629125
454810443
454811020
454814084
454941605
455282394
455404004
455598254
455803043
456489494
456497252
456506372
456881239
457538651
457707813
457810637
458209399
458234365
458703133
459225330
459242868
459346003
459740884
459967386
460219456
460452529
460755939
460883210
460891752
460940492
460983746
461052655
461228852
461325766
461479973
461588882
461616250
461784080
461923010
462198122
462324458
462360908
462370643
462412302
462446417
462705171
462760731
462837684
463102056
463693201
463723880
463887247
464000836
464520346
465492204
465906941
465973314
466523205
466609283
466730092
466825638
467013808
467059305
467600762
467694547
467804106
467975319
468027936
468213197
468387228
468574364
468915703
469172971
469319938
469732588
469747059
469948247
470039364
470040006
470406376
470423569
470477095
470484488
470497096
470787423
471332733
471447714
471537429
471825556
472022811
472163615
472191734
472309605
472553155
472685761
472775194
472949775
473087862
473330302
473561557
473827182
473913756
474303740
474364121
474417266
474422684
474637858
474641329
474765466
474817290
474840200
474997731
475006056
475209597
475368059
475788930
475808013
476078963
476271425
476396216
476582183
476642996
476676179
476954730
477488537
477531502
477886922
477934499
478333394
478651079
478796089
478798403
479182105
479362443
479476614
479678614
479691987
480101819
481223755
481331845
481613078
481682167
481695135
481942228
482008349
482032731
482181718
482452834
482718617
482727494
482750043
482896428
482897882
482954920
483100677
483156434
483258726
483564328
483724666
483736219
483745511
483774585
484044963
484258607
484394989
484779555
484853393
485238820
485322421
485337126
485377142
485811477
486145040
486804311
486869229
486940738
486989309
487096273
487098457
487173220
487182120
487205269
487512424
487853601
488225728
488229686
488249062
488322781
488365604
488529624
488561518
488764892
488909690
488922557
488999385
489636644
490122159
490182620
490427473
490470737
490483627
490523712
490622789
490687732
490822013
490941149
490947659
491045102
491291025
491429705
491624059
491625191
491819409
492080329
492256138
492265554
492755658
492845076
493460064
493472161
493559955
493641365
493657365
494025283
494246837
494592624
494811370
495155950
495475899
495663087
495725097
495744935
495792218
496043327
496126873
496474925
496743109
496832859
497146648
497169479
497210335
498137488
498165815
498503464
498690974
498806645
498885034
498906879
498976917
499154414
499277266
499326438
499391065
499561877
499714064
500184588
500282414
500368062
500422869
500632621
500871106
501238919
501463916
501856351
501873197
502533479
502866993
503260608
503500181
503601664
503703167
504011128
504111500
504111692
504564682
504669821
504803700
504988121
505196410
505288784
505399561
505547798
505748101
506244434
506382505
506553372
506882594
507042130
507239833
507294618
507526654
507850824
507854378
508079792
508159580
508309128
508436962
508482316
508678910
509241268
509587361
509677794
509912042
510173760
510330567
510564546
510702777
510778600
511106584
511201082
511275626
511365210
511947770
511967311
512153089
512656440
512662437
512926731
512957813
513443905
513646933
513818935
513962746
514015466
514237373
514302907
514332794
514407444
514574336
514745610
515185000
515877957
516030284
516854671
517380166
517746926
518079974
518371508
518537844
518558050
518836510
518840705
519151495
519884429
519904272
519939412
519960692
520057604
520332086
520344871
520455331
521127607
521209849
521453189
521454127
521475287
521828280
522129427
522517939
522558165
522559454
523502759
523829662
523929617
524033772
524232414
524325659
524557080
524606470
524636385
524652904
524737111
524875038
525063062
525432379
525552311
525579419
525747313
525749126
525968839
526350075
526422169
526772995
526781451
527015393
527076988
527215082
527422192
527986559
527986647
528008852
528311983
528951656
529487801
529741991
530208579
530334421
530452018
530554118
530757561
530833445
531196129
531381642
531388604
531469831
531838653
531855083
531914410
532005813
532168774
532363811
532734398
532794158
533019326
533356861
533947427
534047267
534063428
534211672
534366139
534764290
535008544
535126623
535252889
535539154
535844374
536120880
536122747
536422667
536452156
536687537
536718857
536954564
537152602
537371044
537377910
537500247
537722224
537997228
538339044
538798023
538824588
539026034
539062353
539250352
539331014
539577241
539633807
539931481
539945876
539991949
540992677
541054044
541394238
541440255
541755366
542001424
542678844
542698931
542709938
542716859
542762599
542831335
543026584
543189555
543271261
543968992
543971182
544459924
544518647
544725317
544738967
544748834
544830077
545055605
545098869
545119047
545127678
545179180
545276696
545719501
545985356
546272321
546346564
546397165
546666136
546970178
547095694
547301347
547556857
548011361
548127255
548334433
548447868
548473746
548494024
548868899
549009234
549136331
550127661
550229169
550632566
550921917
551085057
551095672
551208305
552070932
552348887
552543518
552681586
552955706
553278397
553380476
553388913
553462378
553520069
553635749
553808250
553953485
554044237
554724287
555363795
555511084
555742829
555924752
555928892
556152900
556307931
556670062
556931857
557054862
557162259
557233178
557568201
557629251
557749020
558087211
558260221
558712474
559531734
559542785
559689063
559741412
559903980
560221300
561107986
561296425
561333669
561572729
562087258
562484182
562581035
562600500
562714327
562890182
562982736
563054538
563137920
563324548
564226794
564258474
564461415
564735673
564852025
564880035
565210546
565277813
565359037
565791188
566355637
566585408
566629680
566690337
567106600
567121569
567243311
567840357
567945747
568457864
568503222
568883968
569074377
569462919
569601448
569628927
569681065
569732591
569998399
570073085
570201461
570292350
570298515
570335494
571159367
571458801
571532152
571595541
571855941
571988889
572030854
572440825
572817675
572972597
573002461
573390109
573510887
573523188
573772626
573833903
574615376
575134276
575244407
575379544
575444604
575583372
575757257
575832441
575944565
576132087
576140134
576234459
576267306
576480186
576498415
576876906
577006598
577155220
577186272
577252858
577280546
577303044
577596076
577858758
577909930
578158427
578293640
578296492
578498324
578998028
579064766
579069250
579153816
579184667
579196799
579562681
579574436
579800791
579984033
580027275
580051935
580424495
580451872
580911523
581069884
581479730
582014641
582115008
582152066
582177668
582605435
582624278
583074770
583074772
583155818
583246764
583275843
583364453
583503591
583734594
584203557
584593732
584615760
584719405
585698675
585809361
585823118
585864775
586277792
586405096
586556403
586642360
586645526
586849648
586863518
586905284
587670209
588033900
588273030
588343096
588793237
589274064
589720101
589736058
590263993
590347116
590404558
590554938
590661740
590664472
590907304
590936560
590975123
591247918
591458887
591461470
591916368
591957561
591991695
592322761
592326390
592362342
592609167
592616814
592697161
592790631
592975437
593269304
593458652
593634042
593819730
593877361
594018597
594019365
594113766
594164665
594205108
594287057
594768704
594875990
595016134
595076080
595088987
595192667
595295870
595433590
595499669
595647539
595832844
596115913
596751693
596776072
596840109
597285504
597398528
597771523
597794767
598058121
598382096
598409868
598509918
598967370
599108439
599140867
599226355
599240979
599924859
600003920
600061135
600138002
600141462
600797791
601133236
601170349
601818966
602247585
602269164
602332331
602806585
602994164
602998820
603068400
603091482
603102938
603246271
603462253
603857319
604006325
604344408
604435323
604509817
604753177
604829337
605064109
605180256
605306363
605382875
605429879
605495031
605545509
605557720
605771555
606011277
606118438
606210987
606666479
606907788
607091264
607362554
607583925
607660630
607661655
607665448
607890457
608082645
608485104
608579840
608689346
609074302
609194872
609448939
609650444
609692870
609844411
610293796
610561240
611072118
611181411
611684318
611806831
611871397
612112671
612335251
612483158
612745501
613152854
613682070
613811693
613963047
614097318
614137833
614327645
614478186
614792641
614933740
614947037
614970148
615122372
615683222
615766024
616233644
616243819
616396766
616435189
616470999
617193289
617199615
617294720
617452511
617615339
617654311
618121922
618142807
618216692
618257024
618345671
618593766
618702544
618740490
619106699
619175016
619303396
619571745
619922596
620005941
620058859
620230209
620286733
620535283
620551525
620956992
621132087
621358005
621609600
621849977
621890096
622199123
622312633
622687986
622753913
623123952
623326773
623403479
623464439
623597716
624440558
624813934
624870012
625179752
625412469
625464884
625711790
626150048
626160204
626360971
626553348
626713347
626745401
627099478
627150493
627255918
627666622
627825475
628492896
628530544
629078621
629624046
629682105
629712082
630104453
630219579
630291513
630325223
630418447
630651895
630676755
630900313
630913181
631130400
631278472
631691672
631832764
631924051
631993655
632276010
632295732
633050169
633064117
633281747
633688460
633701411
635032128
635297732
635323297
635449477
635540030
635543236
635760237
635873300
635898931
636164778
636873048
637444033
637458510
637506993
637594763
637599912
637609304
637727239
637742679
637888347
638224541
638360085
638914080
638920648
638923667
639362057
639529933
639750911
639930411
640086326
640116562
640190407
640407346
640563507
640743666
640799178
640871060
640926818
640942859
640992546
641180590
641288486
641444618
641580895
641866641
641975062
642009209
642026586
642136977
642144634
643111853
643520276
643576792
644253537
644685429
644687060
645317824
646820987
646879296
646889670
647060047
647145068
647233283
647382621
647693166
647737533
648232591
648971205
649252434
649431082
649580994
649620068
649715626
649762955
649794986
650072069
650407244
650572325
650911797
650967273
651028618
651124015
651325257
651396498
651397897
651682766
651831074
651842899
652027025
652376434
652398123
653154389
653728820
653770973
653780028
653876785
653903309
654436820
654586204
654773573
655064741
655070775
655263618
655325292
655338677
655621841
656007396
656102581
656350429
656387421
656569565
656783995
656998124
657074545
657448675
657830420
657857890
658276886
658819288
659132774
659392301
659737342
659797724
659949050
660146764
660191749
660268760
660360225
660465943
660725160
660756497
660904107
661051532
661078179
661330848
661475488
661506578
661587312
661962359
661982621
662143074
662888128
662992051
663395529
663398699
663606238
663688866
663706947
664021648
664233758
664926227
665055833
665086407
665233376
665408938
665436255
665484610
665926290
666430218
666676815
666823010
666964667
667154083
667570850
668143326
668548027
668637849
668737754
669108025
669200551
669219685
670355806
670529419
670575153
670809983
671112648
671124810
671150922
671410971
671527524
671641650
671737478
672155012
672355141
672966010
673020489
673412230
673469560
673496394
673728014
673808249
674108885
674254861
674395804
674576271
674585778
674922644
675410705
675663302
675862179
676199993
676205431
676481264
677210736
677409303
677641645
677703980
677944609
678321204
678556450
679036456
679432289
679573843
679615069
679760958
679863265
679919809
680039397
680352629
680481547
680645895
680884334
681007818
681057736
681068259
681594897
681654847
681887358
682146375
682259766
682364690
682454310
682546314
682837348
683563240
683703040
684095277
684205125
684523874
684683755
684725186
684755860
684907325
684944881
684987769
685135687
685240944
685637052
685811060
685826598
686055206
686066793
686069196
686111573
686237617
686624943
686650291
686973497
687346882
687708952
687771674
688255012
688460744
688603957
688755699
688785773
688832222
688887139
689014168
689024924
689137659
689242701
689705810
690092970
690147183
690196540
690407222
690581965
690747887
690755362
690781796
690945624
692156071
692205349
692377512
692463878
692596980
692738367
692842747
693039113
693101194
693509240
693527609
693532952
693663866
693773681
693819512
693830224
694002948
694395127
694435663
694604127
694710793
695038832
695294275
695392488
695411453
695472980
695752405
696091085
696559239
696763109
697115550
697460535
697756796
697759882
697801251
697818850
697889971
697929178
697953888
698086909
698423334
698510601
698916441
699045497
699145494
699552991
699816232
699905142
700100071
700235246
700400428
701038300
701228319
701642483
701726890
701874646
701887172
701943382
702201721
702506364
702858478
702879944
702984810
702992685
703066091
703217037
703821904
703847447
703935444
704056048
704086195
704263267
704344630
704433388
704436922
704980312
705165232
705560474
705774632
705778992
705818425
705849060
706094391
706157458
706340901
706578337
706639422
706768884
706957378
707233980
707309035
707435606
707491789
707577342
707790785
707901168
708402051
708605988
708705238
708881871
708897689
709129316
709391059
709656613
709805235
709939880
710303128
710594320
710678904
710741110
710751262
710962214
711060614
711293744
711443654
711642514
711890569
712306873
712308209
712548074
712630453
712807629
712921644
713065972
713118992
713219781
713363254
713510897
713709631
713962536
714154134
714403943
715197502
715922437
716014770
716070802
716114302
716328133
716806128
717029885
717087513
717112652
717311263
717461907
717490291
717490982
718197581
718309417
718608005
718825964
719112790
719228743
719307302
719421270
719532005
719550381
719896690
719929088
720081872
720160169
720678212
720848547
720964511
721218382
721221887
721579885
721672704
721856853
721920438
722113500
722125631
722378827
722408848
722443971
722604249
722977979
723019672
723164961
723260532
723349713
723494111
723668399
723737375
723831302
724022357
724085842
724132709
724138175
724600232
724750726
725003955
725449223
725708356
726101325
726197069
726239153
726517607
726960759
727070406
727072823
727264603
727296111
727429909
727579147
727744047
728092377
728230915
728326405
728404274
728519068
728802398
728960875
729137330
729223044
729392084
729511584
729627019
729667145
729816799
730125895
730261466
730461452
730511568
730572478
730924936
730945329
731062591
731277972
731361497
731424323
731983367
732077572
732215964
732363533
732884547
733076128
733303441
733510170
734484102
734717549
734868441
734899763
735172306
735187452
735348453
735503313
735852444
735958147
736243579
736371599
736665942
736691577
737071174
737194815
737468465
737507241
738073939
738194420
738328947
738374035
738781242
739369897
739393192
739462365
739951555
740141559
740206617
740463141
740629322
740739735
741057474
741139461
741183219
741193655
741218491
741351411
741393046
741419015
741536135
741541582
741976666
742716738
742800803
743102880
743338269
743785903
743854609
743926219
743937341
744439496
744567935
744571822
744597866
744609017
744826434
745122940
745156039
745178074
745210115
745932321
746205223
746564420
746668526
746812123
746891707
746923032
747229579
747401602
747508242
747655456
747704681
747843987
747959430
748143863
748605284
748621833
748651792
748708337
748846217
748933239
749320474
749740261
749987147
750197517
750845198
751019450
751044796
751333320
751854702
752032540
752178601
752398388
752528635
752775879
752890318
752991721
753150998
753229478
753374076
753529912
753563434
753703117
754517058
754658900
754674236
754684750
754827139
755147872
755420240
755438611
755561271
755590022
755656265
755663125
755665764
755797020
755954847
755971970
756704108
756881618
756975382
757232668
757429971
757563699
757704655
757820386
758049231
758511779
759088046
759317542
759466878
759754807
759803019
760038427
760102491
760229059
760603328
761003571
761052404
761104727
761639583
761818706
761863296
761888313
762123506
762509565
763166250
763193132
763854401
763860982
764131026
764157523
764299201
764334960
764668242
764851260
764935082
765179645
765268035
765523129
765694462
765975088
766162966
766213410
766673993
766803374
766990485
767407868
767741192
767979226
768847524
769005091
769446962
769784803
769801588
770257350
770530217
770584681
771318048
771330207
771336275
771385010
771531100
771588919
771716956
771880418
771999153
772121274
772314530
772482077
772649234
772751234
772830248
773106931
773174285
773403266
773430762
773773537
773916084
773995963
774059895
774086851
774090950
774233009
774305759
774360740
774364174
774364348
774473159
774597473
774807770
774881231
775235090
775340444
775448533
775685667
775705487
775718152
776077372
776189202
776441691
776616079
776693898
776914430
777103091
777564713
777583839
777621770
777716824
778016905
778017216
778295151
778488534
778810937
779524067
779591310
780179899
780411013
780697625
780839406
780841206
780862406
780871219
781017363
781042056
781155839
781531720
781913386
782269302
782839238
783068639
783415470
783757514
783786839
783841357
783993370
784374109
784651200
784832186
784933416
785033297
785460919
785879795
786365312
786476517
786756432
786808192
786983862
786989426
787906704
788340979
788699799
788807316
789065340
789262019
789401015
789427990
789579134
789924866
789991777
790099255
790232588
790261845
790880074
790937440
791388192
791764728
792005907
792510222
793070706
793112954
793158610
793253262
793276164
793410426
793838119
794113665
794133105
794198823
794295332
794664845
795094534
795149930
795275666
795283876
795406424
795525625
795609471
795890631
795913682
796152940
796387342
796413702
796662826
796760809
797005281
797163846
797272900
797662466
797940629
798120571
798493949
799496315
799582079
799621068
800122509
800427880
800651998
800801470
800801837
800942073
801131404
801325519
801611993
801834280
801927335
801955461
802100304
802425085
802448600
802601465
802638839
802874167
802990996
803050869
803079055
803132646
803303363
803447550
803734960
804187231
804236062
804245086
804258674
804745462
805066256
805094179
805196831
805407446
805611583
805817775
806341966
806528433
806751081
807214179
807308348
807464398
807727084
807803348
807873857
807932366
808186980
808304440
808697030
808839964
809037759
809134796
809340042
809763993
809851739
809956465
810015485
810048118
810069356
810080036
810395417
810614025
810637681
810924352
810943524
810959828
811294971
811329267
811653317
811941471
812037475
812224654
812477810
812593046
813126162
813198930
814073098
814799481
814893975
815133660
815401487
815599098
815911873
816033628
816048218
816267011
816274954
816440738
816561565
816580415
816690353
816757816
817178325
817364173
817489574
817626034
817792874
817865301
818040539
818150683
818394863
818464025
818630985
818739736
818841563
818970742
818982730
819128302
819355714
819382051
819390458
819395339
819505668
819652226
820184955
820511515
820702588
820772671
820814900
821155204
821581473
821938559
822050912
822286180
822301213
822308461
822399856
822543647
822653967
822816526
823450567
823515952
823678093
823935280
824024405
824065468
824223452
824399252
825159146
825412179
825583165
825658123
825667446
825677464
825713533
825884151
826178355
826561919
826610534
826830795
826938633
827142786
827175323
827603754
827720428
827878967
827959968
827982963
828042067
828316966
828393291
828917719
829108437
829296154
829445037
829506584
829516706
829517022
829587172
829653607
829839316
830071496
830353157
830355646
830496866
830568802
830598266
831221434
831471931
831575232
831726993
831764920
832111777
832120169
832271276
832701695
832734539
832828137
832894596
832945529
833101205
833291969
833397627
833409017
833428091
833468715
834120892
835021998
835147672
835389432
835504321
835705734
835822550
835924516
836043811
836412291
836571442
836597989
836626463
837450959
837643439
837800943
838313402
838422254
838725480
838842599
838927341
839156387
839638591
840081098
840348305
840381893
840636753
840725996
840983577
841128035
841328406
841599226
841600554
841695219
841695782
841889393
842103498
842211135
842217648
842284665
842358213
842478695
842725534
843026227
843629337
843702118
843751263
843817764
844403809
844420824
844511703
844814262
845011302
845432844
845436943
845805127
845923902
846066287
846237594
846434607
846571918
846666926
846764061
846799779
847264726
847425963
847493681
848239575
848262678
848656610
848790854
848988297
849030118
849051496
849080318
849412096
849447049
849595796
849738493
849842840
850040559
850207886
850474042
850826208
850961305
851078441
851405188
851580447
852225000
852266893
852312670
852442674
853193777
853514394
853556386
853598460
853673740
853995721
854059995
854330018
854352670
854570592
854670083
854707142
854725078
854829815
854852540
854942461
854946593
855052486
855508961
856084565
856508307
856583753
856665975
856905222
856998797
857397689
857769526
858256589
858287383
858459117
858851904
858872154
859047280
859629660
859652076
859870518
860170255
860226208
860345542
860413104
860514523
861067882
861135562
861393416
862017778
862338680
862915335
862925204
863187150
863251765
863370520
863406382
863538119
863651372
863919401
863949678
863968184
863987020
864027324
864835149
864929067
865195567
865389567
865615974
865650861
865960427
865984448
866040317
866267851
866418765
866616964
866625455
866747347
866884723
867043303
867607278
867647911
867797300
868253265
868326513
868366997
868457290
868704078
869170578
869533218
869930526
870281936
870485411
870535450
870559510
870768982
870957171
871243675
871339002
871630639
871759086
872197233
873008988
873120912
873150512
873347156
873465185
873498494
873521043
873559879
873744799
874288855
875106572
875139327
875293837
875329786
875331448
875535611
875610118
875903641
875943821
876198296
876659977
876704309
876803188
876928440
876955647
877130288
877358886
877364141
878316418
878726109
878731508
878775497
878779150
879339361
879357576
879717936
880428452
881044229
881058292
881209973
881270974
881437228
881994345
882177625
882252092
882739959
882971099
882982227
883063850
883160026
883271755
883993176
884053945
884076542
884264226
884607950
884968439
885021282
885503942
885673417
885758835
886090690
886171278
886485022
886625773
886907524
887588450
887973565
888434627
889006374
889124880
889368954
889427187
889575564
889817696
889889367
890087914
890189659
890505735
890568217
890626742
890949719
891010113
891246046
891281644
891617660
891713190
891816852
891819497
891990632
892329618
892398092
892582047
892620629
892649957
892699085
892994062
893027458
893108266
893245640
893271900
893381017
893506934
894027897
894253959
894310083
894807263
894816400
895171130
895205588
895226828
896065974
896139578
896199211
896278008
896382881
896478772
896534803
896696177
896703082
897356828
897603725
897677788
897866344
898386592
898402124
899126903
899232921
899371401
900157628
900520057
900840727
900942933
901058675
901115118
901485722
901654494
901795907
901826955
902486082
903196327
903452470
903675491
903735581
904074740
904659703
904675498
904736933
905002919
905760986
905874275
906698073
906758176
907147028
907354172
907478447
907638182
907665954
907712792
907853259
907867830
907871490
908111216
908269915
908314405
908496944
908888221
909134393
909534510
909602544
909638989
909644407
909754443
909779886
910305352
910390374
910417210
910549476
910568697
910894217
910937863
911251731
911280105
911613232
911800092
911972883
912081856
912224883
912398903
912794625
912995414
913038210
913139681
913661632
913703651
913818435
913932588
914122100
914143043
914362309
914520040
914576023
915194536
915281773
915601010
915679227
915715259
915808162
916261972
916382757
917418307
917497363
918364265
918532650
919087451
919136931
919280306
919909014
920717720
920777895
920896396
920983900
921227867
921288574
921505800
921706559
921907485
922010299
922711647
922730540
922890186
922995699
923026480
923377730
923568933
923596926
923725686
923783352
923891022
923972954
924172364
924252660
924291998
924543999
924866553
925012552
925023116
925213847
925267987
925312439
925371323
925683580
925714196
925778391
925779799
926248939
926562417
927410329
927423284
927477999
927537643
927741858
927781681
927804038
927888868
927978015
927981407
928091906
928363301
928411292
928690670
928859046
929066493
929098560
929116851
929315303
929347423
929643817
929895031
929945027
930341337
930774552
930913658
930985259
931636818
932106843
932133410
932235137
932503106
932982604
933476226
933590437
933727701
933747670
933762097
933828358
933833605
934007971
934195297
934581620
934712197
934718473
935056899
935157154
935575986
936280674
936409293
936481956
936530957
936614991
936714132
936767846
936924823
937075684
937180874
937378677
937521629
937676901
937732488
937870599
938028775
938042824
938575923
938654765
938904940
938972143
938984321
939044904
939215632
939319914
939747623
940412287
940439931
940875214
941019569
941092399
941236754
941395813
941662173
941712822
941884845
942012342
942429870
942702535
942755630
942881649
943174415
943520428
943900305
944109232
944169379
944506245
944585599
945008067
945027108
945236377
945588000
945597897
945801848
945820704
945954731
946413444
946644279
947091999
947198944
947303322
947404799
947451608
947529631
947912112
948218591
948228268
948481449
948846500
948926442
949332407
949439930
949452394
949863985
950705815
950761026
951110186
951482263
951780605
952687430
952880024
953004176
953269509
953580472
954260690
954553132
954600878
954835612
954947893
955010559
955078872
955321749
955938726
957060109
957062174
957161300
957321378
957392814
957799499
958486184
958880263
958992851
960091255
960159744
960213407
960609692
960774744
960919391
961126026
961537425
961619489
961815464
961940357
962637214
962709346
963192334
963369870
963455083
964017593
964126268
964949256
965043826
965175095
965195684
965212976
965274018
965430081
965580338
965628533
965835850
965953266
966257505
966417932
966534376
966843624
966937834
967587458
967635537
967666251
967734470
968188935
968451788
968516082
968848875
968990653
969219482
969380073
969468776
969518984
970022337
970044206
970448150
970585914
970635050
970829345
971562912
971894065
971934123
971959231
972065142
972097649
972187337
972657073
972727126
973178063
973633989
973727854
973807454
973919081
974889880
974985653
975128350
975399366
975499151
975764688
976025048
976084958
976447539
976468564
976705430
976783824
976861712
977579311
977647253
977767507
977869850
978799064
978830811
979385858
979733565
979926683
980059410
980108198
980142695
980250995
980572948
980788168
980849170
980908797
981343836
981452587
981754902
981830869
981873867
982195860
982609552
982748549
983379654
983391563
983625664
983687511
983973822
984061731
984349008
984513216
984744808
984884002
985046632
985125921
985627126
985747441
986180220
986224887
986427907
986520398
986932176
986941600
987184409
987350298
987431941
987450363
987595250
987728793
988085731
988263581
988401844
988430392
988670177
988835540
988840091
989090635
989122949
989210860
989421831
989493377
989848389
990232742
990456049
990611973
991047637
991177529
991348895
991596011
992041933
992061988
992147789
992303073
992308459
992470805
992660672
992811491
993828765
993839124
994031334
994327553
994329973
994678970
994841203
995707053
996081045
996920793
997255280
997371877
997385005
997413271
997525838
997596658
997612044
997613190
997970944
998452141
998496618
999086627
999326075
999455946
999466711
999825515
