621825
1054626
1959376
2563946
3864130
3883122
4070673
4464143
4755664
6107915
6885157
9796120
11230956
12049745
12405201
13072148
13618027
14377997
14992740
15219291
15886528
16071651
17093534
17310252
21041141
25666417
25749917
26902590
27035893
27878093
28322422
31522370
31877778
32083168
33344436
34680283
35774003
36539555
37242785
37504858
37688436
38802077
38946507
40696241
41398875
43971460
44073076
44554240
46409381
52344484
57847734
57933541
58471606
60969649
61585720
63679405
64000937
64735065
65901676
66062159
66810503
67439645
67563860
67745590
68411237
68667789
68805329
69153073
70496415
72220927
72797611
72898283
73886307
75877476
76357435
77434862
78428180
80268417
81196407
82284458
84158332
88357894
88400232
90787290
94884727
97931660
98643685
99898229
100156462
100427364
102299993
103475610
104375177
104490554
105641345
107674429
108016115
108281765
108583762
109057303
109722327
110308565
110604786
110808559
110960939
112804051
114092900
115008260
116075319
117731730
117790923
118715842
119969147
121952145
122251407
123530073
125040467
126248881
127542100
128479052
128574372
128920756
129935711
130625343
130769864
131534019
131580808
135328034
135375684
135895961
136603283
137800005
138139200
138982988
139555400
140465513
140970755
141193987
141714969
145428283
145431083
145967059
146752274
146788763
149114415
149597629
149989205
150353621
151307398
153801499
153926982
154274057
154575258
155335689
156164034
157648677
158160240
160554393
165109050
165656281
165665868
166278698
166737070
166765466
167357913
167610279
167798303
168287810
168380471
168970253
170278405
171144688
171708081
174524839
175641124
175745991
175881567
176033145
177141368
178000303
179673828
180660026
184916704
186152460
186310369
187894325
188239529
188835412
189477430
189504643
190686475
191748906
193127554
195431598
197043318
197653358
199012458
199771729
203212678
203498312
204867159
204984093
207792556
207872483
208281299
209728088
212105880
213330832
213530121
217764022
219267121
219884069
220162222
220519499
222748376
223383706
223550610
224181385
224564716
225764678
226902963
229261654
231705619
233015864
234044215
234791385
235482563
235988752
236610118
237102071
238885777
240230512
242909010
243398879
244702583
247436575
248694787
254441833
254459312
255034813
255548132
256800955
257066274
257074287
257251509
257462449
257486086
257499899
258243371
258895024
259509435
259556364
260321475
262761039
263159829
264612981
267917769
268330237
271271412
274066964
274187355
274747660
276248803
277871561
278110242
279207415
279323051
279642722
280762609
282256234
285618659
285963629
286684276
288360915
289839680
290265242
291331823
294901530
297922950
298163570
298531113
299664053
299922038
300156512
300287438
300449835
301863596
301869057
304608728
306573314
307361733
307555979
308381017
308623465
309394643
309455455
309805361
309810940
309888571
310104875
310189630
312281840
314025369
314224065
315968266
316006822
316499658
317178073
318125543
318437954
319585325
320124618
320655832
321742019
322813219
324717159
324723571
329134822
330681862
331479858
331702493
331779751
333211541
334315738
334356327
334596911
336655593
338646100
339760317
340567051
342475700
342747620
342886953
344832655
344975521
345165465
345941374
346072565
346786179
347366542
349501403
349980895
352878647
353975941
355234493
355324852
355508127
356230929
357383102
357555211
359256726
359265973
359797890
360749193
362664111
362738062
362863778
363035292
365284981
366536188
368822054
368950125
368992465
369358482
369649596
370176480
371601220
372573318
373237035
376464301
378020550
378393572
378997346
381361920
381810005
381995737
382312144
382561245
383687037
384693822
385190721
386352072
386950106
388029930
389632235
389825227
390272419
392741370
393263614
394916347
397135399
398131033
398407535
399524618
400227713
400265097
402378024
402795826
403310542
404382536
405251086
405507057
405857550
406251722
406955640
407159000
407585281
407660868
408272312
409883432
410318916
413478190
413847258
414186456
414370140
416478972
417084655
418075372
419246227
420268025
421193414
424229318
425722767
426365167
426433283
426641454
427429746
428273814
430704966
431248089
431844072
433432599
433821985
434206150
434718287
436732297
436776275
437057884
439317666
439324747
441587309
442690789
443824838
444411099
444661967
445067629
445457087
445512837
447106018
448668279
450226639
450603274
452030681
454384566
454430255
456912537
457110097
457607301
457789407
458109255
458976731
460316479
461219661
463512656
463621765
463994666
464139347
464885594
465237809
466049967
466050984
468001877
468051828
468578277
470687622
471013369
471274581
473560527
474497453
477479014
477629183
480375653
480855254
481428087
482192609
483052558
483975550
484138676
486442997
488851957
489739098
489990153
490213334
492598806
492628196
492678984
493504931
494391639
494690071
495849648
500347833
500439331
502113392
503622543
503710492
504108018
506805748
508671981
508856620
509291803
512579385
516597821
517118761
517694609
520405380
521160614
523439763
524596872
525435354
525514108
525869170
525913208
526742797
527304500
527372716
527863642
528040353
528498466
529227827
529276606
531226348
532247149
533408265
533754669
535597677
537679769
538237466
538357126
539720699
540619995
541969093
542190722
543509813
544310017
544650324
544774594
546864546
547299853
549301027
549411085
549435370
549951035
551949773
552022754
552408456
552437643
554153855
554272235
554354939
556171246
557979900
558859785
558997569
559265452
559683274
560617032
560695794
560971904
561085890
562141364
562221435
563142560
563863695
564583198
566701588
567126768
568185255
568359513
569364443
569952083
570556081
572043193
572197302
572337525
575496164
575763667
579368088
580328883
580704212
580757092
581544123
581795333
582339062
582932939
583010972
583793237
584565166
585848532
585898756
589445178
589856172
590872013
594779157
596039875
598791923
599143593
599311943
601619907
602030845
602414503
603344711
607073642
607476333
607607830
607813699
608322493
608990961
609926009
611740178
612427167
614632844
615950707
615985641
617203619
618832406
619524372
622223132
624443396
624778520
625063152
626527343
626731772
629218775
632510772
632990383
634918032
635052896
635539736
636125930
637586360
638368040
638484811
640737081
643140983
646184553
646774320
646908379
647207825
649101302
650834011
652067489
652143052
652360060
652628273
653490068
654032516
654414107
657325791
657761719
657954456
659486679
659591444
661158302
665087899
665451392
665478126
666327596
666586838
667950370
669065551
669504854
670640616
672222266
674008429
674395552
675313061
676692064
677151670
677343163
678009078
679065428
679084058
681942873
682221629
683156136
683292440
684261063
684285198
684707369
684944781
685176348
688829228
690967830
691525611
693249486
698000275
699139681
699657135
701068557
701318551
701827673
703276389
703388571
704754480
705473448
710076728
712196589
715656989
715781837
716587891
716623312
717266825
719492122
721328758
721973875
723216340
725157278
725284513
725455582
725715006
726360672
729170805
731297097
731932006
732224353
732998233
734512312
734602990
735656496
737142528
737943540
739296990
739823881
740166761
740612264
741132127
742727059
745414607
746013689
746969141
747550714
748397427
749442604
750223023
750456292
751512537
751654356
752492412
752624594
753172697
753425489
754532349
756133075
759003389
759646818
761243912
762025402
762306095
763655411
763850963
764861361
766590029
767268403
767382299
767543913
768804701
770104932
772105366
772388524
773420785
773661413
773836703
777172784
778184262
778363393
778651803
778713672
780202198
781096799
781320760
781938535
782280882
783719090
783945014
784525462
786178852
786613239
788502142
788810019
790082201
791408535
796297723
797155251
797714484
798629563
798638862
799498935
800582970
801689646
803050727
803902857
804214759
805974184
807139261
809261652
810658094
811381180
811588719
813826325
813980427
814696850
815391672
815800591
816084129
819032698
822588765
825732506
825743772
826256585
827223366
828027857
829604776
831009392
831446859
831570532
832015813
832228316
832272290
832367382
836904605
837565796
838082239
838263103
838886216
840101752
840199718
841127407
841767937
842552877
843158613
843790280
845727501
846869630
846950286
848924490
849340336
850490717
851531554
852829100
854416800
855516727
855845606
856238810
856353849
856850909
857306971
857992389
860658888
861877752
863938975
863978282
864145041
864614880
865859127
868402440
869202596
869818898
874460171
876213126
877495967
878589449
878980025
880698817
882627915
883197919
884861923
885402448
886421992
888260694
888674269
888800359
889951782
893415877
894151581
894417461
894758557
895906543
897153905
897551593
899461291
900809304
902655836
903976737
904205208
904469204
904994928
907055634
907615790
908059627
908631710
908743126
909867463
910520764
911413659
912986496
913346107
915459298
915636521
916215456
917240386
918818591
920716510
924275951
924554408
924831544
925014071
925471535
925479488
926519631
926746604
927685650
928223051
930575516
931287384
932681673
933636663
934035923
934325194
935583101
936028127
936944810
937948893
938936824
939718352
939984117
940557475
941194574
941650326
941748178
943425445
943452866
944386414
944401045
944921081
945000385
946960128
947194104
947718343
950595270
951084099
952071357
952683277
953149053
953280264
953318572
954796191
954993591
958917723
960683760
961485697
961881901
962920173
963780023
965120960
965945714
966176979
966474535
967503280
968690725
970077910
971812303
972832155
972974208
974821704
975266256
976309907
977552511
977556874
977644546
979385857
979943006
981583916
982115305
984354497
984433942
984475547
984701384
988122348
991691387
992293387
992364078
993506490
994425910
994793339
995176691
995321283
996653901
998004034
998437476
999084398
