6871883
7852583
8663650
12937708
19615648
25716138
32530279
45305041
57128802
63410916
69450338
72872727
83138668
94187934
105725526
107682241
112846094
114975163
120869624
121612574
124809359
130853222
132251838
135012588
136820028
145255037
152732129
153412093
159493025
160311853
167669672
172583727
173894045
174653554
180552247
181099026
190772207
201936712
205380735
207148256
219685290
220924491
222240295
228250746
232476917
235086629
240437249
240978970
242302563
244531286
246101148
250999263
254659226
259638097
259750742
261925076
274741996
283076991
284858121
293043094
293358208
317424804
318394842
319131915
319429102
325353195
325793499
328427917
329893272
337905139
340254216
357743310
358298207
360317711
360341107
360732522
371340148
373097363
373885194
375392342
382896661
386071135
387699110
393367933
411368962
413654368
416946721
421067729
429326763
431865524
433890001
435391004
454153798
455234693
457514761
461178117
463793802
466501478
467581410
482839401
483754278
488455036
491621419
493652517
498522186
500760639
505790251
505838136
509078307
517715950
523586499
527295368
533179584
553975694
571473820
576078790
590770573
594403026
607094372
614356040
617370523
619130389
619177525
619565155
619835812
621359327
628012453
633745772
650005874
652177656
659454556
666449841
678171722
681729771
685085452
687136152
691127683
693006495
695259297
698519826
701973372
707143406
711290125
714632926
716580473
722477767
724738470
730309674
731561738
736204018
737377363
741165335
745944028
748470451
758465827
760424388
761028265
763001009
765861861
775496211
778925359
792105096
797189405
803854645
813642342
815212778
816253137
823432284
826888636
839673121
840966710
850047944
852453035
852685751
861173364
871812581
875591587
883961397
885162601
896264053
904716878
912929500
919596654
925966224
926613518
940233899
950471047
952267345
956429145
965327692
966302041
970975230
971586409
975120901
978887610
979055391
982285192
987911546
994320510
995506564
