6977991
12327652
26855092
28492780
31994523
34126396
34467368
46654552
49203558
50590821
60062915
68212356
71069472
74684276
76667861
84611066
85675980
93349856
97613238
99585092
100604502
103848421
108449460
109747451
110053353
117734861
119778234
122998994
134031070
148532577
149827706
149926919
153407200
164112119
166944844
171432881
171779360
174648506
175452091
183758720
206468299
213500298
224956459
226541099
228306011
231191390
234760738
235493870
235809993
236696312
239670711
244703907
245938494
249817734
249957310
262863730
262950628
264814270
269953851
282116655
284027113
284412919
286501362
286665249
287484583
289854268
295310485
298362082
298471886
298704996
310727955
314797776
337882805
338715135
348195935
361415646
365260635
365341213
369319644
381469012
385451171
388302652
388690725
391735568
397478786
406448196
407437181
407943839
408157429
409760584
413140753
424806516
428853029
430747414
450455977
453035110
453290810
453778756
460027313
482334538
486845604
492688426
493303705
496348124
502564736
529908599
536045484
542621108
547099690
568132202
573528321
575770529
576567501
578722458
585126461
585582861
592749116
594021782
598020238
602632297
602764446
609004943
619927151
626563708
627694430
632719211
634036506
639830322
640389325
646412689
648245888
654049436
664130526
673715057
674996843
681802744
682560971
687194506
688227492
690256940
695822698
697808098
703771909
710026086
719595113
726600539
730448745
730661141
731980933
733953718
735098955
738908273
749621470
753041955
753573823
756528252
768820204
770854579
773869166
782893941
783543540
790779946
795285932
796233790
799925830
802099969
806248900
811514914
814763202
819795579
824970419
825276600
830075810
833223566
850488739
864411347
865241839
866647391
869119330
882403818
890566476
895619255
905005353
909990148
918390409
924255163
924602213
925250736
930379756
933404114
940992571
949921299
950034367
950746571
957970516
964029981
980472440
981987993
990307112
993631208
