1020742
3292406
7868179
16664864
25361551
26045271
36692973
37851348
41041687
42117408
47318258
47680703
51212417
56706947
73557101
81175870
87916138
89020934
92269503
94175910
101123194
104891559
105538115
120171326
124820412
130823584
133874855
149170461
153856783
154882614
163623546
163924442
186046078
186728371
188493739
190015816
197281914
201634176
209094476
224892745
226487791
233938934
242981670
246259291
257736333
265692358
267123977
269946208
273446711
274504265
277417291
282742372
285370602
286630533
325586952
328906384
347848858
352952476
354739217
355355671
355359000
356019412
361797541
370404421
375045417
377086085
390905929
392005020
392246765
392996553
413008885
413499986
418426542
421517725
424029220
425558323
430287089
430934063
432097156
432467945
434352345
434873917
438131841
441446084
448116846
449245539
453424644
463595133
467274683
508086595
510905330
528226080
529833103
530711987
531184902
533907571
536986104
539614009
547711624
549150994
571562574
574996253
577206981
580165466
581188026
581271437
587961280
596287756
599591773
600774865
602655128
605574802
607360790
628958284
630156290
630408873
631934898
633369040
637235548
650411457
652170518
661994637
669048304
672453991
677067673
685432052
692090978
695593801
710699473
710888866
713971355
715219100
715315670
722117211
728937614
729581087
734358426
745958269
746201098
747022219
748550746
752097929
765174469
777330295
779201909
779296535
784521045
786927556
790200780
792736455
799587044
802140624
804703153
812824651
813081360
822801764
823111280
824959535
826200671
831484621
832850010
836059887
841320645
847147533
847583814
848255883
849920794
856414891
863663045
868084486
869271393
871929466
874841099
878509698
886142419
899773829
901152311
905800290
908340293
911801665
920174887
921275831
929857282
936683275
948788255
956613671
965837502
967907236
969217217
973092932
978896873
986359176
987559493
987988900
988453334
990167085
992954969
993266694
996486525
999965661
