500894
672758
807445
3652249
5117433
5595142
5680055
6152293
7709414
7983416
10400181
11054070
12977261
13588923
14605124
15170712
15636462
17836483
17919311
19279327
19891077
21911614
23253518
24029044
24120884
25008778
25636403
26748215
27018450
28175440
29347974
30524245
31055322
31089549
31878842
34081002
34321676
35876148
39613000
41472000
42689104
43547546
43677049
43826907
44136271
44941810
47898197
49363023
49784505
52665340
52856419
54066961
54415085
55556232
55812372
56078353
56382539
58424073
58758221
58765776
58982435
59441570
60076657
60792154
63171245
64327339
64492465
64576738
64691231
64830366
65943140
66200139
66354723
71286280
72286570
73672484
75675462
75858078
76550999
76774157
78066664
78889134
81257972
82535383
84061151
84823610
85159000
85275715
85912831
87035239
87217650
87472577
88588714
90178649
90202698
90632091
91322442
94135471
96728344
97593356
100439782
101285031
104131920
105845778
106040082
106302664
106983169
107244181
107454538
107725250
107735630
107815138
107839163
107857081
109607005
112733270
113867096
113868838
113956033
114029969
114431712
114638493
115196350
115526114
115851656
117359125
117447909
117919216
120080477
120394847
120410629
122284718
122528810
122941406
124169486
124272958
125146579
125269242
125819050
127328325
128239767
129274223
130944367
131360651
133996850
134688021
135207036
135912817
136108863
136224455
139589177
140793434
141092413
142099206
142577664
145233996
145883909
146726977
146768366
146769902
149771018
149853224
150511038
151066045
151541487
152048886
152746170
152792249
158358688
159277458
159450611
160529119
160657314
161622302
161970563
163103455
163387645
163905504
164206328
166762049
166793625
166808389
168688299
171561326
171726241
172615099
173721336
174561424
175502246
175824849
178753618
180157842
181040442
182490710
186949365
187414036
189158202
189497859
189565454
190443671
190809554
192120790
195384638
196088104
199168012
201033523
201609680
202360638
202872013
203607765
206917728
209251003
209946710
210088596
210235680
213844272
215040998
217883911
218543230
219771119
221118427
222097996
224541995
224938679
225550745
228702401
228880283
229264410
229388361
230428782
232916840
233540540
234369922
236019036
236278302
236529820
237613160
239006818
239125697
239291860
239679616
240486528
241186350
245697883
245876109
246897422
248336571
249005888
251796366
252362790
252950327
253647675
256202679
257028785
257676822
259096686
261673320
262531091
264151932
264521758
264727376
265096279
265716028
266289656
267568818
271948931
272483844
272515019
275280878
279914058
280525529
280955761
282226341
284038068
284427458
284531164
285248646
285517251
287486699
287769862
288158756
288376447
291643732
293223948
295209243
295315114
295524278
295605371
296199790
297410848
297558578
299087303
299621188
299738546
300041650
300937934
302071182
303709889
303924295
304322332
304838140
307599693
308448042
309662404
315031492
315116306
316008495
317308630
317586131
319167992
320801621
321917389
322362744
322510150
322973620
324375895
326861635
328646481
328813912
328878077
331613104
331664007
334197832
335435764
335653521
335885629
340129082
340559305
341854951
343568582
343636105
343814832
345154133
345264356
345442559
346545423
347626805
349977448
350014764
350636672
350671493
351429796
353914671
354781085
355184313
356028868
356143474
356804865
357232472
357288935
357399742
357585107
358349707
359822013
361415043
364426177
364904125
366395156
367203014
367870610
368658792
369321635
370360475
371852280
372648887
372857496
373121539
373590015
377420229
378052914
378392828
379604924
379727382
380122030
382000324
382714534
383177449
383856917
384276961
385237414
386765672
386855143
388478981
388957148
390178529
390473584
392384088
392553977
392629756
393935602
394417983
395697583
395979572
396902981
398508810
399837044
400247372
401593916
403986976
404880168
404918594
408660847
409485877
411672540
412214516
414174084
415323503
415755517
415811442
415868792
416407732
416672913
416805692
417828337
418564283
418821282
419252295
420259088
423295661
423896965
427609167
430162023
430718124
431542453
431692147
432433793
432593301
432777508
433476169
435188209
435758572
436401782
436648838
436684464
437283406
439765329
441505411
441959288
442527686
442531663
443214210
446640584
447117792
447796250
448703867
449532171
450759052
452387293
453103005
453625457
454684297
455647352
455944141
456424138
457553046
457688073
457724717
458402850
460398352
461069523
462849541
463027488
463054432
465607325
466118178
468197899
468485137
470494969
470905705
472622280
475972541
476050824
476859477
477187941
477272458
478271730
480154873
481417451
482377335
483484111
483531755
483816347
484148079
484291200
485003848
486872815
487197949
487512719
488892676
489278391
489574605
489673259
490754562
493516211
493852349
496579091
497617425
499842128
500937611
505492784
505553047
507280544
507542725
509286749
511440371
511645727
513368575
513508119
514025188
514909791
521519214
524026224
524497935
524644016
524928567
524995140
526519585
526873694
526997009
528221183
528726620
529261364
529540319
530331103
531166907
531373214
534215413
536145837
536254137
536389456
536479285
536554011
539054588
540015438
540064963
541663368
542802556
543028808
545172583
545297302
545845243
546495803
548400202
548717112
549688531
550068833
550172459
551112750
551143203
551799657
552597759
553133202
553148641
553182351
553637764
554365443
554620497
554858382
556420940
556623264
558423726
558934432
559464207
560085357
561460393
561742060
564065519
564722080
564776601
565896935
566034634
567184663
567659383
568066448
568579499
569155513
569677588
569774197
569824003
570290883
570774619
570918982
573949313
574561953
575487775
577990582
578105303
580295343
581229794
582815233
586159813
586292591
589931436
591111900
591652992
592178837
592526281
592858635
594201254
594511389
594535947
594869875
595243344
595746593
597671509
598570680
598581321
599265261
600507878
602541862
604440202
605145209
607774188
608204845
608206324
613980371
614354384
615160511
615165825
616504511
617230713
618652322
619966137
620214070
621066433
621606844
622015476
622063657
622198016
622494322
622661528
622844098
622922589
625827159
626676792
627098775
627132640
627650304
628051059
628503185
629332074
630156138
632412966
632672279
635643559
636186483
638180531
638568328
642357569
643286804
644062361
644636115
646000123
647793387
648069603
649072405
649177485
649663220
649914243
650303998
652321849
653201643
654178357
654202106
654510607
656202400
656446882
657498658
666394098
666933626
671445552
671473814
671980980
673540286
675058023
676567487
677311614
677783394
678319436
678654690
679573940
679998273
680040130
681579317
681921185
682487216
682558341
683427735
685485392
686496600
687696008
688264540
689312187
689548906
690023750
691066819
691773179
692938860
693149437
693538473
693593592
693651765
693677465
694045560
694141052
694647107
697089266
697793764
703779331
705287217
708176192
709641608
711705058
713585477
714529107
715450627
715901822
718344470
718520624
718998350
719950250
721434473
721469218
721709200
721769408
721902780
723649568
723994591
724085541
725247570
728741282
729755293
729833551
730068819
730150362
731510690
731666442
731752609
732043459
732546774
738529654
738921672
738971985
740420400
741017425
743108843
743814749
743996516
745549927
745739971
746352399
746432581
747617421
749100179
750112018
750668891
751368399
752053776
752399084
754527562
755160130
757149203
758314631
759569129
760821263
763068257
763514695
768330846
768873423
769471857
770834277
771240641
771581451
772911587
773987325
775339905
777303367
777305709
779174353
779217807
781870633
782771958
785939767
788146473
788394476
789414958
791336601
792098471
792242690
792966971
792973550
793149324
793586694
794090610
794680451
796302069
798236054
798688961
800764862
802121427
803177396
804148781
804853087
805889823
807282282
810016906
810242096
812219187
814777849
815050607
815725708
816279689
816355077
816925672
817735151
819832797
822823524
825684904
825798191
828798405
828975496
829223239
829512119
830010637
830679284
830852300
831000693
831189285
831700985
832314042
832350074
832502575
835199535
835216778
835461297
836771403
838981959
839831787
841278277
841347850
841666527
843467582
843559227
846025466
848175364
849058331
849433713
850049178
850930580
852830228
853588431
853658555
854999794
855157019
855526756
856729907
856826536
858058751
859106258
859652664
860240525
861051002
861113504
863823413
865251418
867635584
869311402
869949763
870100066
871401315
874049626
874682100
875197054
875213391
876934353
879554313
879813889
881218331
881933151
883313494
883971646
886185347
887496480
887646643
887715292
889161908
889896586
890712019
891325193
892228621
893769945
893858699
894642155
896057369
896206034
897023079
898230212
898277738
898551521
900106120
900602896
902101648
902326444
902531550
902561265
905303217
905658961
906338648
909516564
909927169
910183017
910419089
910750959
911123408
911802454
912630189
913897723
914447592
916139712
916182323
916333964
917374339
917490661
918120523
922662802
925797737
926082581
927048622
927523925
928030766
929150022
930174201
932558737
934142090
936227691
941174500
942763957
943007975
943015141
943209350
944939385
945053050
945545700
947639019
948057800
949195025
950160548
950306567
951802558
953122881
953764392
955270323
955402084
956625376
957376612
957395023
957885325
957892311
958588855
959320876
960291687
960741527
961695089
961959895
963098032
963206724
963573942
964381641
965490651
965616990
966637971
967107492
967582352
967626750
971993441
973721338
974107818
976440240
977038985
977921160
982669827
985670341
985852636
986589635
987391078
989692302
990182145
990232470
991293536
992135423
992161853
992485980
993757986
994208531
994577280
996117632
996258270
996262042
996850496
997556663
