258853
319906
510728
1868606
2008846
2384679
2594099
2935804
3914218
4469041
6485120
9552345
11843673
12320077
14082634
14391389
14501169
14837129
17241150
18303147
18596296
20398408
20572365
21606445
22749065
22913659
24071813
24259146
24565553
24630873
27384594
32218102
32263641
32301851
32685741
33006909
33717749
37590969
38817106
39173290
39615306
40007780
40336666
41543712
41696860
42701160
43208417
43753528
44063898
45042562
45295496
46103310
46491329
46595346
48225049
49578694
50164941
50241523
51094010
51636644
51800691
55428205
57116768
57435449
57538787
59378504
59824285
63833774
65452591
67455283
67511593
68998911
70662196
70905649
71472328
72114777
77174625
77250385
78435128
79350516
79598634
79659798
79734325
80764972
82544345
83703376
83946814
84682553
85634326
86652502
88034482
88041068
88088944
89118939
89301721
89848241
91043495
91118611
92855437
92874194
93038185
93445637
95150834
95220810
96281703
97186915
98230970
98732260
100588008
101308674
101909053
102002170
102478089
103131614
103185792
105185147
106288573
108250341
109525087
109675137
110018996
110168429
110750519
112966225
113300500
113873348
114232756
118581206
118903637
120254130
120840695
122465900
123253617
123737303
124950485
125017995
125488062
125951828
126588681
127114025
127722463
129765693
130898202
131713382
134493262
134574076
135008814
135938167
136390093
136923419
139481431
141215492
142193718
142305327
146309718
146620198
147457022
150485965
153327303
153550515
156538826
158037707
158725139
158733465
158983145
160315513
161625991
162272099
168972557
169165600
171156431
171903729
172736330
175789326
178201256
179333510
179952866
180643578
181081714
181483358
181718664
182021420
182593214
183233352
183703051
183775774
184379817
187152633
189830826
190193876
190886397
191863743
192242799
192753767
193787371
193809667
193983520
194566118
195289048
197182011
198816048
199068749
200312536
202407132
204609147
205590060
206999984
207388982
207711041
208010093
208914673
209933810
211295454
212235739
212788269
213205456
214008123
214197030
216211295
218029987
219542411
220159134
221738461
223424544
223550714
224579043
227061322
230768366
232342458
232609093
233003406
235101458
237679062
242328966
243571888
243824511
243873446
243934590
244591918
244954420
245825719
246347826
246728243
247169023
247340165
247765933
248252915
248261376
248536071
248689236
252340914
254897416
255187793
255739353
257758598
257883728
257911154
258248816
258496468
260289244
261752154
262025656
262787778
263435689
264423777
265551980
265850770
270943896
271833926
272928543
273144199
273392485
273569745
274334730
275206278
277098854
280223504
283201291
283725902
288977375
289018879
289391322
290572670
292307825
292718921
293738368
294227737
295862036
297088442
297124719
297941615
298182130
301234946
301539367
302155282
303983952
303992630
304345365
304729523
306129931
306530610
307303129
307822292
309342205
309531246
309674219
310262595
313425410
314710697
318007668
318507317
319347087
320646992
321044083
321547089
326107521
326412256
326807823
327203271
327458907
327799005
328195312
329404217
330457875
330504827
330938758
331733597
332926434
333791431
334314254
335504149
335670872
335779657
338810994
338912766
339743564
341615641
342937629
346405293
347182465
347757879
350690384
351783311
352237521
353080828
353333735
355376867
359533985
361430225
361991350
362407891
362969035
363419799
365744529
366963187
367514102
368076870
368651597
369327849
371948622
373453906
374633427
375358957
375520427
377515140
378061703
378762318
378768303
381007868
382024961
382200585
384153258
384304193
385055874
385998972
386696154
387408384
391018947
396368011
399977983
400050011
401074033
401669107
402398755
402432519
403237420
403743661
404728037
405311822
406323643
406631622
407830455
408417571
409281005
410985160
413412562
417130349
417935878
420170426
421250861
421687229
423097005
426487704
426711576
426849190
426997777
427585563
431096196
432294661
432489941
432579168
436273917
436572390
436902219
437933957
438156698
438578881
438822839
440388888
440968654
442930712
443452128
445025758
445348699
445819933
446145628
446561780
447168394
447729999
448801484
452271586
452902280
454859725
455091774
455157669
455256299
456721905
460681772
462383007
465480430
466031368
466620124
467139724
470722206
472629295
473079928
473087140
474025238
474039943
477658477
479880716
480119998
480661987
481495398
482036760
482794923
482831271
483162170
483951135
488604340
492937924
493135747
493437163
493680226
493940455
494558925
497998482
498514362
503471191
504085128
504686401
504970070
505420134
506506375
508406077
508652193
509232161
511708670
511797407
512608406
512677690
515634985
517116207
517346149
517959454
518088449
518402108
519984191
520013954
520794619
521827278
521923708
522135948
523195217
525647376
527487992
528416707
530121442
530346403
531973644
532233288
532938717
534854148
535971963
536367918
536407698
538585317
543070445
543542759
543914745
544621638
544999549
545979104
546562188
547764480
548058913
548293603
549591973
550638512
550952753
553678477
554723707
555810928
555915259
555939495
556016924
557650445
558593144
559132315
559140605
560135248
562614018
565950084
566239671
566905593
567461611
569008365
570646635
571294042
571447295
573467707
575619962
577056191
578037453
578850309
578897530
579778244
579959872
580480778
581241737
581680661
582319280
584223421
584825126
587881876
588088348
588916002
589389487
589689897
590783724
591920752
592221923
594092152
594695586
595384570
595452172
595842615
596020104
596784730
599217070
603302508
603706747
604024200
604282603
604959186
604992839
605668252
608275259
609058931
610844818
611618439
613223840
613507581
616803202
616903633
617560332
618559240
618820259
620426662
621222141
622583092
624148282
625587969
626161991
626905434
626959069
630395194
631468307
632004925
632497203
632922304
633103581
633693568
634361087
638544216
639649134
640200043
641317889
641862885
643280411
643415184
643533658
645830382
646176211
648461267
649134913
649898054
651808100
652822700
653185102
654206582
654253759
655077639
655690433
655759011
657482992
658020503
660123750
660766729
665690864
666069984
666972294
667847961
668041805
668358403
669904063
670677053
672380914
673342612
673428213
673973673
674922797
675608923
677041710
677046459
677131056
678223685
678403538
678652741
681207219
682774217
683083617
684825621
686121379
687127510
687990243
689585061
690253707
691899348
691927811
692900012
693968194
694042914
694123198
694933079
696752903
698761340
699387498
699959009
700965914
701709554
701812763
702431005
703656201
703968530
704683492
704980962
706517989
706549431
707264844
708297233
713378237
713700352
713821251
713908475
714686423
715538477
716240806
716679663
716720283
717421309
718256263
719181522
719744150
720872202
721411916
721959154
724204009
724488829
724928241
725002578
725671474
727575263
728803991
729338096
729470151
729675657
729910001
732235391
733814754
733976024
734096491
734492686
734681567
735599082
736503421
736864135
738041083
738241747
739087138
740847651
741490563
741799055
742070303
743354376
743528860
744978093
745490447
751431976
751642443
752776333
754132397
754133504
754870241
757270851
757994111
758397838
759311589
759397689
759719299
760574884
760867450
761395769
762086146
762733721
762747467
762860181
763792540
765313021
765609467
766622143
766808483
768922111
769098532
769304113
771976093
772507227
773083561
774161654
774166693
774810994
777707436
778502822
778717477
779464908
779688611
783926308
784744318
786051621
787165036
787705861
788752339
789541082
790808581
790935691
791216160
792742401
793720626
795178875
796277280
796989782
798895440
799182884
800679339
801234027
802601302
804176102
804329281
806146419
807399752
807454408
807543788
807632316
808608548
808897640
809605296
811420179
812376175
812961755
812990443
813807033
814302690
814639264
816039873
817836166
818807748
819122694
820012867
821205235
822397788
823715761
826341289
829101217
829150533
831380584
831858672
832431345
833974331
834444352
835771627
836206135
836501577
836991937
840488526
840704387
841409649
842170004
843321258
844075122
844704998
846267138
846312265
846555649
846816166
846931347
847079406
847582145
848114968
848573392
850343043
852485294
853440810
853512428
855779117
855822781
856018110
857093561
859953336
860207212
860448143
861964441
862506701
863200882
863403455
866093603
866096822
867219815
868039880
868351047
868455459
869141668
869558244
871312429
872361247
872939575
873048524
873576147
874301831
875496966
876925202
877723570
878474530
879347077
880392582
880684127
880936987
882755040
883551095
886268430
888028187
889359381
889921893
890138647
890142643
890370987
890816464
892995283
893352209
893838052
895330230
895916803
896359852
897301784
897840366
897846955
898286593
898630364
898751781
899612049
900000344
904319686
906406696
909753811
910057577
911574632
912062082
914280269
915444871
915796074
917284658
918140476
918865226
919010708
921679065
921906642
922995289
923089639
924830055
925086278
925977631
926999965
927623004
929390022
929512593
931021247
932188018
933717255
934219004
935197541
935798581
936342835
937145942
937292045
939008727
939722444
940274587
940825287
941828720
942342663
942530519
943279070
944048691
948786493
949674444
951917125
953117374
954222836
955825128
956276582
956297832
956355478
956414753
956423685
956564497
956929096
957462970
958100001
960210863
963004376
964629824
965582908
967441581
968557027
968631955
971488834
971935359
973074730
973331481
974694654
975407233
975945876
976142612
976669747
976766786
977454831
977486529
978194286
979970116
980251320
980523025
980785032
983553587
984461181
984495557
986029039
987567026
987627015
988315827
988565565
988940306
990549882
990840375
990842853
992309355
993657098
996566326
997704395
997713630
998669976
998933957
