12805
164731
710079
882135
913027
940399
1388518
1574423
1733407
1994669
2296679
2963989
3313643
3393576
3494969
3626690
3736309
3947532
4147996
4181364
4404415
4588533
4618544
4645487
5058433
5324774
5407013
5779440
6005410
6083296
6273000
6305274
6356840
6437181
7071055
7227331
7636405
7641203
7811075
7919792
8094631
8172792
8364659
8369453
8599904
9188729
9500301
9604704
9838680
10090740
10136634
10388964
10895597
10901909
11088564
11239024
11484884
11722494
11776409
11927004
11953410
12131835
12413913
12663079
12767524
12879813
13212346
13229055
13485475
13534048
13650520
13891296
13917426
13959357
13964503
14002090
14128888
14151810
14235371
14257294
14350166
14367052
14475701
15003269
15237418
15315511
15357621
15404428
15784548
16237337
16432884
16616952
16651164
16779556
16788104
17476534
17511438
17521845
17529310
18054683
18143336
18528302
18764962
18900598
18964516
19414594
19913427
20174690
20207011
20283456
20385509
20450048
20894337
20969134
21285142
21336205
21400775
21666698
21833225
22304855
22542160
22562921
22704973
22830148
22874866
23819453
23832821
23909063
23984006
24188191
24446068
24457350
24919150
25043989
25294344
25447125
25662987
26083627
26467569
26806313
26835912
27289697
27550586
27573024
27842201
28010618
28278730
28356902
28420072
28565695
28607903
29078620
29191015
29491337
29659714
29774973
30114783
30196957
30428824
30434146
30537382
30669059
30835621
30838567
31300944
31624971
31654955
31901380
31931346
31940141
32012081
32100095
32156723
32908124
33078426
33253531
33279003
33352578
33835325
34156714
34167859
34810627
34822474
35036481
35148231
35153167
35208365
35512170
35637678
35670020
35770418
35810468
35830637
35871125
36066619
36250841
36323162
36380986
36516121
36549909
36609893
36641859
36748542
36754828
37064097
37072987
37724910
37858439
37948116
37975558
37993613
38371252
38518514
38600264
38972034
39137560
39589814
39787024
40069831
40572344
40743882
41091523
41529869
41682651
41687800
41745364
41976961
42030900
42161322
42641554
42663548
42761234
42856031
42970821
42976138
43144606
43146680
43170544
43308595
44201448
44303322
44309496
44477838
44496983
44533144
44613010
44798522
44812542
44905908
45168289
45367715
45693044
45935337
45946580
46135115
46281116
46310526
46318608
47106092
47169395
47771193
47817263
47856950
48035157
48183362
48305410
48402453
48602341
48618891
48649508
49061065
49107524
49186160
49475018
50125398
50278065
50711267
50774918
51271001
51315026
51351533
51416611
52152732
52417602
52499733
52515057
52725285
52984412
53148592
53300989
53406692
53532925
53691440
54115453
54200048
54245386
54295591
54440027
54542898
54697401
54748163
55034170
55154770
55201323
55298098
55922843
55968921
55984124
56379718
56612783
56659207
56780095
57195612
57364705
57519393
57704858
57835600
57967275
58984807
58998476
59186390
59226666
59227752
59290898
59335914
59460597
60200102
60575480
60759919
60942059
61221229
61407738
61781981
61990371
62642951
63024972
64176867
64220626
64378253
64573413
64616403
64703267
64731592
64784858
64847816
65214856
65370129
66047747
66870908
67086565
67384876
67678907
67689201
67965576
68160459
68178466
68208443
68907145
69192884
69370244
69520250
69710425
69721893
70063978
70462057
70883328
71030715
71187077
71284639
71356649
71398679
71516910
71538541
71696335
71719225
71798838
71898192
72119986
72125297
72204973
72558427
72739647
72774512
73069591
73780929
73904419
74176153
74384698
74899122
74946012
75046510
75108565
75203662
75246044
75642854
75677226
75934707
75996748
76104816
76172047
76503958
76613510
76901058
77559946
78111387
78165574
78442799
78771204
79280885
79378294
79452635
79608944
79738819
79904416
79909259
79981930
80048005
80069538
80347986
80445783
81353391
81422442
81590420
81798737
81988483
82863346
82919783
82997684
83176288
83200267
83258640
83818351
84076794
84097929
84127714
84775907
84825523
85143038
85954322
86061700
86632052
86675693
87080841
87273393
87563811
87630050
87640147
87723074
88489090
88984869
89067853
89145427
89457736
89731966
89900827
90015348
90035960
90640579
90864634
91013994
91039509
91248678
92443269
92598810
92915636
93085476
93146420
93447647
94064395
94228620
94713620
94738343
95004849
95476557
95521579
95590006
95646556
96268893
96316925
96555511
96636869
97015010
97282064
97495724
98932116
99240627
99271047
99693856
99770419
99807181
99976678
99999304
100016233
100271423
100486669
100561702
101477965
101587141
101622385
101653765
101725222
101849750
102145562
102308611
102333477
102426782
102680331
102737784
102802241
102838088
103181517
103496833
103699080
103800879
103825999
103953483
104812804
105016627
105202186
105477099
105575705
106052280
106212967
106409047
106576485
106980682
107097175
107163385
107536068
107873869
108115026
108436953
108453726
108698167
108722603
108824759
108967880
109179761
109267963
109304079
109551895
109646686
110127396
110926002
111071200
111168636
111213919
111303894
111736872
112197709
112328627
112666414
112724745
112731182
112916468
113069200
113084350
113396979
113437019
113623597
113960013
114232493
114380930
114407120
114571317
114603377
114820908
115683660
116076412
116751221
116974473
117128446
117605242
117767372
118254691
118914251
119194504
119580303
119654284
119847627
120512849
120575550
120609280
120923503
121319161
121736832
121751483
122756266
123098147
123345994
123942914
124276557
124392020
125076490
125115214
125535889
125586194
126075626
126233823
126247897
126320470
126886100
127260187
127544089
127856871
127970034
128047959
128318603
128526340
128628901
128786804
129017507
129084489
129349222
129790312
129973034
130066553
130109605
130262871
130624722
131294943
131298957
131687949
131819251
131930711
132394568
132559775
132675511
132743984
132804816
132878226
132979571
133153186
133298738
133391153
133870846
134541360
134634663
134671398
134754902
135140255
135324572
135336790
135777316
135903981
135923355
136148827
136235152
137102303
137198367
137355788
137504319
137571539
137598715
137832386
138361096
138684604
138695660
138878859
138923486
138989365
139094829
139161112
139177603
139182811
139280379
139636446
139876212
139968715
140551726
140598794
140694222
140757973
141479781
141684399
142003812
142108583
142272136
143247848
143546328
143629590
143781667
144091582
144308819
144314556
144415749
144716938
144799191
144830729
144963420
144970098
145057958
145241792
145470777
145822874
146009939
146098346
146149660
146195501
146212360
146414014
146478548
146658113
146705161
146903418
147033822
147119933
147240692
147537609
147974321
148139062
148307503
148412800
148521499
148594980
148684539
149007130
149034410
149292831
149374999
149387993
149616314
149666673
150197731
150988822
151270267
151288362
151427619
151449869
151516939
151906471
152042572
152389694
152648083
153113251
153433813
153440967
154025664
154115743
154611317
154766078
155185580
155186313
155474752
155740486
156037756
156767705
156770254
156882302
157037953
157243402
157386379
157715982
157888020
158248658
158416641
158709433
158787632
158880144
159030458
159393484
159839292
160181919
160568102
160755754
160857911
160900230
161780521
162511889
162713835
162892433
163073203
163511186
163810093
164045619
164054006
164081410
164147967
164236502
164238036
164815421
165386507
165997255
166214700
166232296
166948702
166984729
167296269
167428174
167616785
167877387
167959372
168125333
168391524
168436039
168438868
168451052
168533240
168575191
168586322
168605293
168650045
168749221
168785786
168855146
168865275
168918031
169190208
169230118
169477388
169516144
169610451
170054700
170144030
170335467
170455507
171055627
171293999
171347023
171403309
171877728
172019152
172283449
172400055
172429757
172885286
172995989
173295737
173516170
173560363
173589765
173924528
174138869
174267381
174722577
175166329
175477445
175486960
175751312
175807583
176048144
176433347
176531065
176849616
176974340
176995174
177167344
177188142
177480890
177618634
177643969
177955313
178055609
178595545
178625186
179253969
179379881
179929829
180462086
180462464
180607986
180635411
181284765
181637440
181820888
181948012
182192108
182401774
182493062
182678429
182734147
182958675
183254852
183259007
183296163
183656298
183881966
183883856
184191507
184246424
184759268
184998151
185124235
185631970
185756713
185775176
185885358
185932312
185995522
186257628
186266014
186268698
186320348
186697434
186819692
186972759
187465337
187515316
187519326
187959276
188214212
188295830
188578618
188946162
189121704
189140352
189751137
189833345
189845660
189925690
189934877
189961125
189990160
190686789
190801485
190871001
191094424
191184039
191207209
191605364
191679830
191988909
192109703
192291226
192313860
192344026
192408049
192553456
192649787
192976939
193180320
193228543
193251939
193271755
193293882
193397853
193440150
193460604
193739267
193749881
193784457
193936854
194618603
194820098
194889733
195137165
195461844
195614003
196312361
196420502
196435004
197581825
197787022
197816713
198155225
198533636
198697844
198713005
198912164
199370752
199468914
199518263
199609042
199732239
199889509
200101233
200332946
200492323
200506223
200652714
200704821
200733558
200820017
200857172
201517214
201749279
201815170
202003205
202028437
202031687
202252718
202389893
202946200
202953437
203092835
203692919
204259065
204342319
204411055
204892706
205245606
205472077
205987825
206091020
206364700
206386627
206600871
206666479
206817395
207036251
207303124
207397027
207436379
207603917
207616914
207715633
207959152
208060314
208067662
208388447
208447124
208489463
208606971
208610243
208625089
208842993
208843901
208979504
208996845
209522047
209691183
209716400
209864507
210169231
210220344
210328141
210400647
210837921
210992745
211038554
211519129
211563945
211926204
211986050
211987920
212014912
212181583
212557310
213038145
213204877
213504084
213589850
213610058
213958195
214100108
214282832
214524785
214666201
214742379
214867729
215420607
215553548
215820766
215875477
215910322
216123575
216317412
216320231
216700396
216780695
216912660
216914691
216948900
217220506
217513920
217521530
218093851
218636432
218905835
219316227
219372093
219470738
219510259
219709876
219964970
220079381
220126607
220390147
220525614
220538297
220621113
220830264
221021567
221720639
221766406
222146904
223048108
223119897
223353369
223595584
223721962
223970527
223978189
223983413
223993403
224146815
224588358
224706571
224872102
225051547
225077344
225220318
225589386
225649357
225795161
225929677
226166362
226444922
226888169
227864977
227934280
228067670
228363448
228370539
228373684
228507522
228599644
228724369
229284167
229349307
229570465
229937330
229967060
230145001
230236232
230267397
230322110
230695361
231609614
231998950
232061819
232391065
232974454
233240879
233392571
233471606
234170114
234173350
234207991
234318962
234828302
235150242
235157876
235209191
235887849
236234662
236439113
236497427
236554577
236674871
237102335
238270115
238937577
239192316
239410665
240117551
240127410
240243950
240293469
240377954
240906737
240986151
241021188
241532596
241549626
241606683
241794663
243063427
243144760
243384812
243436435
243573611
243676704
243768678
243833522
244046228
244184831
244752957
244885863
245639441
246408578
246754491
246857062
246860485
246868393
246983500
247241597
247319251
247433543
247644080
247885800
247908811
248081648
248233485
248402215
248552338
249338998
249945527
250102987
250201156
250335435
250614342
250891815
250984776
251129191
251444646
252108263
252312356
252489316
252570967
252630750
252649750
252925378
253105334
253124525
253278357
253335285
253657785
253793126
254014323
254943536
255108716
255341151
255358373
255430168
255554688
255588439
255651073
255670917
255812964
255930814
255971333
256283766
256306348
256455864
256516076
256772166
256862062
256929316
257106737
257547264
257871137
257962805
258600792
258702357
258791134
258875341
259398515
259453483
260161835
260611367
260756325
260911919
260920312
260927893
260989507
261003094
261360896
261369795
261750399
261865177
261958581
262399952
262809684
263050737
263209715
263727340
264929917
265414893
265452110
265561431
265751097
265795541
266047949
266097748
266177871
266214299
266443588
266778373
266782169
266857498
266891327
267046613
267058708
267125534
267213315
267737509
267876455
268097211
268745602
268750525
268795602
268871136
268936740
269086125
269312226
269319798
269339297
269361024
269762507
269793196
269805337
269915016
270056634
270256720
270532633
270809617
271210783
271396559
271725752
272031996
272350133
272583342
272675313
272907011
272929038
273051142
273079422
273327942
273370183
273608728
273634741
273787529
274026357
274147851
274920535
274942234
275438227
275615791
275891451
275948392
276070375
276200241
276409072
276469310
276587319
276652266
276706879
277100169
277284774
277428573
277527741
277756059
277798022
277872545
278121503
278505527
279286836
279391195
279449327
279765862
280075687
280326028
280396666
280501057
280643349
281115790
281158101
281428403
281457766
281672660
281772081
281935939
281973855
282026451
282191125
282389189
282547825
282603984
282732994
283011718
283120769
283498590
283506086
284352860
284408488
284414400
284908537
285448597
285629775
285667333
285754626
285890067
286176538
286206440
286619524
286625189
287069521
287216121
287230530
287558130
287593020
287908595
288140288
288218152
288303026
289540804
289886422
290072200
290146178
290368232
291148570
291407032
291809144
291874814
291990982
292385500
292390219
292510198
292647491
293016525
293423448
293497634
293986039
294077196
294364040
294684308
294710014
295066460
295395084
295924343
295964950
296012763
296051918
296102873
296432747
297074766
297459618
297466167
297590024
297985490
298390585
298514982
298680967
298767100
298805081
298966104
299312104
299380712
299428987
299608885
299639190
299833527
299899598
299984965
300042873
300076633
300388691
300468817
300520664
300569568
300605457
300615241
300636743
300713959
300877915
300912010
301003148
301108157
301384776
302271845
302831514
302952912
303171595
303452105
303703553
303810028
303937384
304252304
304260017
304375433
304698728
304704076
305106209
305242800
305354703
305481038
306255982
306327261
306381418
306751321
307138278
307483496
307742481
308224652
308365115
308490279
308686623
308912644
309221694
309282796
309633634
309683718
309767426
310126694
310200109
310538657
310794423
310994580
312116738
313120242
313321941
313409879
313683674
313718057
314102662
314143225
314506860
314648459
314704889
314935341
315076163
315254579
315324202
315690329
315880169
316033262
316138556
316176827
316543426
317010050
317073861
317191211
317307001
317383114
317417688
317589440
318109639
318156236
318517957
318875639
319109231
319573781
319645869
319736298
319899069
320006614
320481854
320585389
320782370
320872864
320920907
321012018
321270115
321720808
321919649
321973707
321990351
322341438
322343988
322976738
323368073
323470235
324260965
324314012
324322617
324402018
324651155
324814926
324856757
324885719
324890498
325045110
325115235
325188073
325198651
325232582
325366874
325481389
325684737
325990076
326197389
326262571
326363518
326501502
326621408
326766986
326848962
326851521
326895364
327242033
327439509
327625317
328095235
328149390
328242676
328362580
328419858
328560256
328591937
328805280
328810741
329127220
329371358
329453067
329464958
329665261
330033835
330070174
330254371
330437593
330755810
331034061
331130277
331156160
331169722
331670377
331947747
332376400
332452286
332475443
332739986
332786263
333228513
333643719
333646377
333686496
333984972
334314441
334857386
334858979
334961137
334968174
335095765
335114247
335126655
335276447
335392813
335637875
335719591
335738186
335759824
336399573
336542171
336815410
336840126
337113809
337246827
337355091
337408153
337544458
337593021
337803169
337804318
338190712
338234695
338253334
338271327
338713414
338883128
338954791
339745429
339772813
340109302
340325627
340425534
340474099
340660376
340940952
341218133
341381783
341407128
341449006
341454205
341846738
342117180
342128201
342180714
342910915
343093472
343522564
343595770
343890480
343894599
343944278
344188383
344191259
344276661
344429679
344715112
344860151
345044756
345087752
345303747
345690735
346009710
346368915
346545887
346549981
346656380
346975067
346995751
347036190
347220649
347493735
347621537
348009670
348191065
348761679
348886348
349189952
349613967
349906252
350161702
350170318
350205125
350221824
350395243
350775550
350908742
351011095
351103889
351722715
352103597
352264828
352319572
352441196
352608937
352897368
352957551
353184212
353203424
353210164
353244355
353388047
353624575
353718622
353779313
353980525
354439778
354508931
354814355
355041060
355569992
355612697
355827882
355951079
356106244
356333417
356524378
356799347
356879643
356904238
357093568
357202211
357958107
358001235
358121788
358160809
358340871
358539845
358558162
358590379
358949223
358978287
359030861
359352320
359523743
359612295
359712358
359787708
359945900
359970011
360135165
360314928
360497686
360512157
360614590
360664079
360664896
361096967
361141100
361307695
361499861
361524655
361533002
361599113
361745220
361953200
362010044
362330755
362348456
362492491
362939314
363375443
363648789
363660374
363689692
363922838
364261707
364325419
364430572
364652200
364776628
364781404
364800709
364969039
365029033
365208388
365297539
365601153
365809746
365899113
366009991
366215334
366259906
366871321
367115814
367613948
367795722
368092914
368112478
368208619
368336612
368342423
368425987
368438832
368526276
368708340
369053231
369142140
369422199
369705592
369773782
369981132
370147465
370366642
370428926
370625031
370700617
370747807
370878856
370932581
371405789
371824807
371851849
371959075
371976663
372092307
372295436
372453430
372587284
372605781
372721421
372981795
373168803
373521796
373638396
373959020
374084583
374110399
374701611
374755464
374989499
375094181
375181011
375307980
375665301
376122104
376708068
376965640
376976576
377071558
377320283
377937268
378164431
378230092
378283738
378778046
379087167
379167006
379422076
379517338
379708779
379930035
380259151
380401663
380649269
380673463
380776985
380830542
380874286
381010109
381168539
381373027
381397868
381675462
381977267
382286892
382365953
382645550
382762452
382876441
382901884
383028347
383205162
383207144
383303526
384420627
384432612
384796303
384868353
385732158
386000009
386358523
386443556
386494174
386528921
386712001
386802157
386969253
386969639
386980932
387054033
387513367
388147731
388496918
388755335
389035018
389305122
389505652
389603713
389948683
390232115
390290064
390293440
390369782
390641387
390722914
390820325
390941293
391112421
391179163
391597286
391646651
392308242
392378852
392460234
392465529
392617351
392851914
393237299
393314121
393397048
393419428
393512521
393649738
393693648
393893485
394101986
394246404
394327067
394358804
394489611
395216884
395362404
395441869
395763863
396048201
396123929
396284320
396531345
396725504
396760743
396887998
396966994
397315458
397529054
398454351
398646987
398802040
398884868
399239941
399263982
399330294
399430747
399484829
399531073
399535224
399696667
399746661
399761602
399767675
399990341
400004718
400015242
400290327
400577813
400648796
401157353
401245112
401792565
402197206
402238395
402462246
402637616
402721145
402778582
402886308
403044254
403089429
403665404
403927842
404192970
404229138
405237060
405258537
405276782
405465354
405565555
405651207
405790921
406594946
406720868
406848692
407239132
407263836
407314414
407329943
407555349
407600098
407680612
408033535
408053015
408422151
408955635
409171335
409727214
409990774
410802873
410809995
411506430
411539977
411662517
411669391
412565478
413348482
413633956
414110907
414374083
414393728
414482233
414716058
414767936
414816586
414983869
414995765
415638444
416123405
416222684
416340053
416457780
417215529
417578575
417667820
417692730
417721315
417740634
418197634
418295036
418296059
418379459
419669454
419785583
419995898
420191115
420618273
420825778
420895092
421422045
421580905
422112493
422145810
422584575
422609743
422888223
422927061
422988868
423036256
423655907
423836391
424855215
425227883
425525600
425720757
426316099
426644932
426653958
426805510
427035702
427221337
427272999
427700539
427715487
427888968
428223071
428685785
428762778
428786127
428865796
428990317
429133853
430037750
430407750
430605413
430852354
431072259
431078692
431199453
431511490
431563249
431574502
431577560
431586053
431705377
431790578
431882021
432080061
433158155
433185800
433196275
433242803
433361143
433548115
433812518
434293723
434445479
434594652
434877141
434901596
434998481
435034250
435056163
435144970
435147868
435809893
436067244
436429573
436479418
437496222
437585411
437751054
437859170
438046324
438063950
438421679
438426735
438740597
438837964
438855513
439102923
439198282
439530250
439616665
439721942
439899862
440106591
440166456
440346328
440826455
440865296
441032942
441089148
441451249
441523267
441590604
441624763
441871413
442036529
442209635
442277863
442575671
443002250
443075153
443221335
443227398
443532083
444248576
444848537
445333691
445542920
445630542
445804201
445999350
446132478
446250249
446327950
446357691
446381860
447069565
447089472
447388008
447514004
447887045
448040359
448042116
448046457
448304000
448398928
448889283
448981359
448989773
449232096
449259950
449280829
449524595
449527380
449701875
449742095
450058262
450210049
450265886
450368174
450472998
450578152
450724769
451111468
451172813
451670656
452006251
452072488
452083072
452363499
452445776
453114372
453254107
454064425
454069193
454162143
454173209
454285040
454808957
454867139
454950071
455098633
455320115
455413540
455564818
455642434
455644069
455773639
456337260
456521783
456581133
456917044
457150036
457153578
457361196
458131355
458376307
458761481
458879682
459508055
459983766
460213817
460451570
460514833
460515100
460607537
460696844
460708137
460819758
461630727
461692232
461779925
462048890
462056660
462200425
462300758
462364954
462474147
463322791
463770559
463890263
463981349
464287328
464310420
464326930
464409736
465490953
465999257
466064927
466627246
467129744
467279143
467458401
467608093
468576171
468899943
469002934
469231601
469258313
469612511
470158227
470279723
470488636
471070574
471080308
471189784
471401848
471610782
471725674
471867930
472189213
472379077
472379393
472436317
472489481
472802344
473195308
473275298
473411310
473486328
473590044
473768305
473776382
473895528
474064740
474426164
474642069
474651414
475350196
475670964
475753166
475799765
476016475
476100664
476622661
476836548
477148193
477150596
477420043
477423279
477456413
477816578
478245375
478453452
478555470
478675291
478848322
478929710
479015614
479266812
479274446
479360843
479403026
479682029
479731982
480206244
480397715
480424072
480638934
480723121
480859368
481403436
481434108
481448248
481535963
481657672
481932799
482216753
482375187
482747440
482771188
483122083
483199803
483247365
483328106
483516642
483619833
483985317
484080564
484653862
484694576
484812043
485274516
485523685
485615888
485673720
485861322
486065509
486423996
486759810
486942224
486994061
487018991
487056994
487168258
487475612
487573627
487767758
487966350
488091388
488196505
488869719
489032078
489347852
489449315
490014728
490116187
490169237
490740888
491022423
491450830
491640982
491949940
491986938
492625123
492708832
492911395
493509110
493863152
494260383
494365951
494544550
494790667
494860487
495200667
495414826
495911964
496297153
496448539
496555869
496673969
496678858
496736973
496750980
496800913
496874524
497178310
497368043
497382053
497445667
497698714
497753667
497825288
497988097
498322849
498336557
498860424
498915922
499344131
499412282
499534792
499597940
499615683
499668746
499690308
499990803
500111844
500128622
500165540
500521539
500712509
500738672
500793565
500830141
501018701
501044964
501474638
501683125
501793792
502107371
502215230
502491470
502964888
503070359
503084386
503087398
503101555
503148436
503169894
503741513
503748658
503762784
503784807
503804910
504065986
504489515
504589813
504662511
504721502
505087285
505222972
505522710
505559849
505722321
505920896
506221298
506342815
506429269
506593358
506664694
506736012
507006038
507103513
507185340
507189158
507212111
507551591
507858850
507982247
508291717
508485926
508922343
509236372
509354712
509745272
509851603
509896944
510065308
510281719
510298595
510345338
510417748
510552334
510715463
510746715
511010755
511109779
511214711
511550579
511783238
512120879
512241736
512667027
512779044
513403338
513828119
514312063
514337872
514670824
515125179
515507144
515819236
515926564
516256586
516780065
517015002
517330441
517674508
517747450
517844602
518017937
518047707
518210036
518364772
518482151
518595585
518600669
518634580
518634894
518934773
519142497
519153334
519572884
519579013
519623749
519701164
519764122
520127747
520139730
520996692
521080580
521259794
521637649
522117218
522684655
522781587
522923340
522932982
522942746
523679093
523754461
523914803
523966820
524352319
524360213
524521702
524534485
524855776
525102466
525151124
525205004
525416558
525504624
525787676
525795162
525801812
526588892
527641151
527758302
527840583
527968919
528032465
528136861
528183250
528526314
528682190
528709842
528882023
529424826
529640666
529739401
529831599
529905608
530071070
530101988
530354766
530802738
530929889
531238625
532018819
532040429
532548586
532781743
532785455
532815680
532848717
532935532
533247484
533400528
533535081
533549232
533637204
533723878
533762856
533909726
533924835
534085382
534231973
534358360
534909261
535081516
535687288
535692744
535769518
536234281
536352515
536392984
536400722
536687424
536761709
537557352
537675046
537972375
538002737
538219661
538257564
538887765
538980837
539050850
539051974
539072729
539148461
539173396
539645765
539768666
539808669
539820504
539958961
539979748
540314157
540545715
540594632
540735726
540788146
540867091
540925176
541049481
541071008
541182038
541290204
541528944
541602589
541973700
542219248
542265821
542306787
542466778
542983719
543011833
543056372
543130907
543371575
543476136
543504271
543938560
544149250
544362509
544608435
544806311
544860863
545021001
545303377
545603358
545738634
545956688
546426730
546576915
546691755
546984046
547153903
547440273
547454037
547710225
547805577
547818389
547858166
548079282
548131194
548252391
548286704
548499343
548566353
548612840
548739403
548779821
548983197
549173986
549246508
549533163
550187315
550261946
550526856
551104602
551541069
551798918
552030233
552052338
552301579
552403540
552455612
553896447
554200285
554244941
554437316
554551273
554633248
554693407
555210500
555254309
555802952
555868298
556015580
556017804
556149635
556486779
556632329
556811895
556826034
557129900
557470168
557839503
557968178
558013605
558095291
558116970
558467707
558493490
558494078
558838604
558953177
558964215
559550872
559622879
559698827
559969137
560146301
560231508
560428683
560516061
560682535
561027120
561420153
561517565
561621489
561995490
561999436
562247449
562561809
562626136
562852973
562922950
562952612
563138570
563392461
563480757
563688005
563870888
564392255
564436173
564548106
564814627
564911722
564912465
565057427
565309468
565510375
565520669
565670257
565765108
565769786
565925614
566001940
566060200
566344105
566355226
566576350
566747505
566985664
567477923
567742332
568160813
568280832
568326130
568449968
568793412
568862935
568947599
569257566
569258582
569444353
569470904
569547884
569582587
569936325
570115747
570290324
571108862
571276874
571294248
571392900
572000869
572739854
572998678
573019158
574126906
574156943
574378754
574383079
574479792
574497267
574516506
574929067
574964773
575929807
576067185
576358339
576436881
576621830
577018985
577295288
577306533
577468182
577569005
577618645
577667773
577949452
578066058
578239935
578353936
578489419
578519450
578583245
578846879
579028037
579194503
579579835
579691731
579812893
579926883
579952625
580075840
580177970
580185918
580865286
580971528
581098541
581112317
581158438
581263537
581543414
581570461
581767331
582221666
582239383
582767117
582983148
583576636
583732202
583951826
584159820
584468239
584509312
584550930
584846490
585056376
585194821
585340552
585449385
585550689
585699319
585821896
585840945
585940988
586700403
586779874
587207398
587324360
587655871
588339039
588640730
588800003
588961667
589078766
589137487
589190622
589366613
589755928
589791633
589939870
590186470
590292956
590463752
590498022
590662686
590694958
590844827
591021901
591211890
591218259
591420710
591516511
591689625
591815502
591888551
591997511
592023415
592607301
592638815
592928037
593033909
593308406
593476754
593604992
593633204
593643943
593885319
594129995
594391551
594688644
594939764
595198017
595359446
595387821
595399276
596497173
596515747
596564858
596915785
597195406
597205420
597445450
597665747
597808469
598030901
598134421
598211149
598259431
598488914
598588741
598775505
598825059
598891035
598999713
599174006
599279143
599328087
599368480
599460710
599612005
599977545
600423299
600483427
600561327
600704663
601299867
601329892
601682497
601727890
601860713
601893901
601929348
601930970
601945349
602470484
602505089
602828689
602892812
602953888
603266565
603636699
603710418
603853746
604200646
604260504
604272471
604339300
604443310
604487821
604494269
605218181
605246746
605276951
605342570
605547805
605616497
605629682
606106063
606359630
606548217
606554993
606725888
606743939
606802587
606972465
606985776
607100673
607179378
607274658
607384750
607582476
607769113
608725032
609040944
609092075
609275415
609310627
609502754
609592831
609728377
610038939
610316583
610491332
610632737
610729185
610888262
611000126
611512887
611724191
611776299
611848076
611972116
612031194
612357839
613049004
613303473
613627163
613934533
614043311
614108173
614161009
614945464
615578177
615636568
615797294
616167000
616304442
616331980
616612162
616738316
616896819
616905358
617014421
617343713
617554534
617778174
618018616
618116037
618261571
618285577
618686285
618979352
619290118
619712685
619864678
620135010
620431875
620803462
621264421
621517463
621746510
621933911
621973503
622101076
622146517
622188394
622334925
622551244
622874514
623014465
623058366
623114420
623373279
623413545
623742311
623914984
623927640
624303946
624715202
625776039
626191846
626327121
626441577
626662119
626761519
627248148
627302788
627692976
628603394
628656686
628682281
628785608
628835492
628865629
629281042
629346906
629569296
629761888
629772525
629827723
629931650
630064704
630210201
630795876
631059924
631062776
631428627
631504845
631691910
631747864
631753174
631812359
632015358
632207887
632319484
632602823
632980629
632985911
633382862
633455346
633903807
634274138
634354709
634355050
634737212
635034368
635087634
635190646
635307078
635605336
635868593
635890429
636040473
636321260
636346870
636375400
636417870
636819348
637710325
637821672
637996336
638033640
638363080
638668617
639254630
639417256
639677200
639722566
639874948
639892762
640334202
640441475
640443634
640883635
641374815
641567032
641671443
641770116
643032400
643049885
643446916
643589772
643789974
643863973
643865409
643937178
643946295
644126986
644230278
644664463
644734256
644938749
645628697
645643076
645672140
645675550
645962174
645974433
646109120
646309276
647002043
647080518
647160912
647766752
647800919
647834685
647966927
648013888
648045089
648199907
648204094
648279954
648532995
648955541
648957171
649127944
649183481
649286536
649789556
649979064
650563858
650972928
651401494
652204472
652230624
652278212
652316241
652804801
652831213
653063834
653287929
653344718
653409659
653628561
653660932
653687609
653693956
653709770
654102822
654184221
654230162
654299368
654474855
654512432
654647285
654834885
655396080
655399179
655430505
655530423
655541483
655742861
656304325
656433071
656655612
656725369
656788722
657315391
657323214
657390143
657426252
657429880
657634075
657683208
658061433
658157483
658545467
658743178
658930446
659109597
659251814
659287467
659396736
659543504
659837741
659900668
660403823
660429436
660496167
660562073
660602708
660779233
660872092
660911999
661019522
661245458
661299561
661303190
661452378
661503563
661711745
661730347
661752134
662016340
662143547
662223998
662359799
662645223
662736929
662804870
662958877
662968063
663171209
663275708
663611237
663617347
663669981
663774760
663812178
663826814
664189074
664725265
664871904
665021028
665324143
665335221
665591189
665673616
665913033
666011527
666164923
666175836
666327771
666751202
666807845
666879695
667059513
667252418
667371966
667528488
667676057
667910422
667920268
668267541
668796166
668866046
669024756
669052190
669304479
669479089
669566841
669689941
669923752
670114861
670572092
670697364
671090578
671426637
671430325
671534478
671597826
671672494
671806842
672041587
672180918
672219555
672473079
672843429
672958479
673350155
673460201
674188360
674320268
674378728
674381986
674386690
674464937
674915489
675585609
675737577
675812957
676101526
676182486
676522902
676995028
677261716
677898589
677933756
677941717
678065688
678164825
678190742
679118993
679496328
679884673
679891479
679906757
680093286
680325953
680455879
680696405
680821994
680936685
681619405
681681181
681783450
681882834
682092478
682813525
682846602
683132096
683222364
683410443
683445222
683482602
683585087
683604441
684291747
684348091
684547495
684589070
684720919
685169516
685620083
685711109
685942713
685979970
686380160
686477155
686625179
686868226
687383516
687400532
687594517
687610408
687836655
687861816
687936953
688214698
688354690
688552250
688580374
689003368
689053055
689215866
689431984
689616508
689992239
690106823
690343073
690437263
690441579
690546638
690759950
691074192
691807080
691808445
691995273
692239771
692719731
692858236
692958368
692964287
692980876
693040747
693087265
693243736
693418616
693690216
693875188
694347519
694406660
694819384
694890364
694958102
695147247
695195569
695856102
695937184
695988883
696114269
696455477
696658623
696663098
696909088
697102246
697197102
697222286
697259131
697418057
697775504
697885536
698254527
698379128
698863688
698982805
699040994
699324069
699559076
700259282
700377823
700498681
700530459
700721673
700759071
700970620
700974342
700998749
701349730
701571965
702409684
702805036
702834684
703127108
703195277
703669914
704054114
704112149
704394947
705367934
705376314
705628387
705650361
705770076
705840347
706207802
706237738
706393141
706808193
706999212
707141962
707377312
707632217
707723758
707742126
707842094
707922879
708283427
708328733
708434961
708651208
708712337
708717231
708827993
709699690
709907444
709923463
710135220
710213687
710225201
710228410
710272045
710326178
710571923
710742628
710966890
711500500
711771745
712417239
712800247
713062672
713650309
713779434
714018343
714296417
714527925
714653592
714895210
715266630
715318687
715352712
715567837
715613701
715813281
715968020
716066294
716572483
716691441
716784234
716834990
716873789
717139589
717153881
717261726
717426066
717483183
718175452
718193379
718208406
718270681
718351688
718354415
718487111
718880387
719000570
719326678
719396587
719939512
719952010
720123719
720196870
720415419
720507712
720601324
720904242
721601106
722048946
722119900
722205380
722209999
722602204
722655785
722661142
722748553
722835363
723191170
723289510
723390365
723466944
723489297
723564502
723715034
723844146
723941350
724482759
724714862
724931965
724988560
725239000
725444840
725499158
725562197
725629419
725840511
726063153
726160789
726268156
727338384
727372096
727569309
727814479
728035699
728271020
728332079
728402989
728403974
728562550
728590127
728789802
728826225
728888937
728953103
729238275
729283156
729450551
730052401
730095088
730446286
730730730
730812364
731041556
731093221
731205060
731459959
731798542
731923894
732273356
732286722
732552382
732929840
733062709
733085196
733149126
733172206
733352030
733751108
734067552
734206218
734316120
734777440
735047967
736174671
736684815
737070182
737216336
737386905
737595338
737656919
737753198
737861994
738007131
738343737
738348025
738577091
739014854
739050643
739520000
739651301
740109329
740155690
740386855
740456035
740594409
740656219
740770769
740819175
740960775
741135000
741384707
741488322
742046508
742085192
742195508
742250878
742540539
742580354
742584416
742838977
742870507
742889242
743107325
743210911
743390938
743466837
744625395
744971340
745270270
745482210
745542248
745725776
745963073
746276635
746444325
746554004
746625712
746675820
746679704
746752335
747904341
747948859
748260872
748476754
748896964
749598843
749806131
750038512
750289056
750443929
750473027
750528304
750646457
750952818
751327603
751383024
751971599
751972669
752014839
752727880
752924768
753223134
754050548
754139620
754397470
755013014
755073726
755352842
755426695
755434639
755540435
756063691
756237776
756435041
756506258
756546999
756915357
756935431
757127386
757339702
757514547
757745908
757754517
757857030
758129352
758147335
758854491
758925483
759160541
759232321
759478501
759777011
759984870
760093013
760522607
760642192
760723975
760774823
760811420
760972683
761179924
761564514
761928375
761930817
761932449
762037748
762056812
762181662
762258692
762487893
762577360
763005813
763833435
763844887
764209165
764428602
764461612
764580252
764901878
764937084
765763451
765765442
765843774
765875497
766734553
766774352
767046365
767339291
767488514
767507513
767783245
767818131
767854039
768381473
768591420
768791713
769226808
769356878
769358578
769397462
769750110
769858157
770122332
770257922
770532468
770539874
770669447
770740071
770810699
771134773
771297265
771381769
771650932
771752164
771996707
771997751
772000468
772017875
772120156
772352584
772404453
772434430
772466857
772918650
773146449
773221596
773454303
773524455
773860157
774010340
774161579
774520320
774650433
774927448
775404558
775494854
775556520
775696665
775883008
775933753
777141838
777198701
777243511
778429799
778500475
778983033
779461430
779666838
779973266
780054295
780105635
780296963
780323854
780453395
780505415
781018899
781195405
781278889
781306877
781370446
782069446
782449556
782492425
782663010
782752261
782872925
782904764
782992366
782992635
783165180
783278102
783426555
783489908
783648891
783778153
783813377
783865074
784014175
784275510
784305692
784470778
784584539
785551185
785694115
785818675
785887236
786217707
786334781
786408363
786830870
787080235
787292059
787523543
787875963
788056278
788095688
788334226
788420303
788763036
788785042
788846441
788846510
789463637
789661467
789850956
790005240
790134860
790193738
790274068
790447338
790454486
790898560
790974382
791022901
791345555
791556478
791724954
792509887
792524790
792838821
792847701
792900783
793044581
793354306
793628987
794121174
794412566
794566487
794666689
795129399
795621785
795693210
795807807
795951092
796292620
796317029
796322179
796600249
796767486
797088717
797090313
797115211
797119091
797171712
797249120
797261529
797986696
798517938
798752155
798772096
798883107
799137480
799192863
799259298
799425086
799701676
799707302
800272294
800629960
800754471
800872398
800906388
801141161
801223986
801259142
801593352
801712904
801741346
801798485
802072265
802524209
802590712
802835007
803349246
804078331
804227731
804564069
804935335
805170071
805596510
805719060
805774901
805825748
805986703
806223232
806340337
806422373
807140227
807140800
807293694
807310548
807408010
807480011
807507686
807562242
807693092
807836597
807912608
808526914
808660337
808824185
809067478
809081381
809307418
809591368
809845665
809902974
809964736
810456467
810538009
810779336
811181949
811368266
811380630
811506626
811612874
811671828
811822488
812445807
812496703
813038666
813127923
813134695
813135110
813371056
813484841
813914141
814187796
814372280
814453063
814848892
816145905
816383053
816501053
816512264
816531334
816588088
817014593
817518151
818015296
818059824
818084211
818569620
818926965
819046146
819212600
819253455
819457028
819910882
820330514
820350644
820480000
820599192
820626288
820633755
820830441
821058669
821506290
821590560
821930473
822021189
822071863
822222525
822229022
822461766
822709100
823099486
823221669
823369548
823835092
823893712
824056544
824325332
824674728
824706480
824718969
825220879
825399073
825478167
825506048
825541292
826326671
826333140
826481946
827347526
827430502
827523400
827948384
828345974
828868974
829090394
829191939
829900123
830282907
830317620
830576717
830692260
830900788
830907443
831256292
831699455
831722227
832303364
832643172
832683460
832866285
833280491
833314903
833480082
833628586
833719544
834048044
834397846
834401504
834894747
835402757
835466100
835544149
836010444
836171548
836597705
836873172
837240397
837534594
838656789
838679471
838738643
838852019
839651381
840000004
840031486
840118370
840640934
840996627
841027500
841063353
841169013
841933072
841977749
842009066
842338910
842775906
842838507
843078861
843176597
843308768
843390271
843449504
843593423
843825673
843947637
844430525
844468358
844695989
844913715
845076330
845700116
845703222
846060922
846115143
846155112
846329459
846650117
846841417
847397912
847407631
847586476
847655183
848142230
848186706
848345913
848472632
848761684
848984699
849666577
849822885
849900566
850637340
850743979
850982469
851022119
851281238
851301429
851390168
851405669
851805647
851825784
852064726
852099982
852206926
852346055
852387171
852398839
852552034
852601293
852749385
852876378
852979213
853159135
853178950
853349438
853490167
853495415
854138528
854302324
854339963
854467472
854511524
854574078
854644433
855340842
856136070
856430894
856889259
857216266
857301189
857734991
857915887
858284162
858405204
858467615
858680426
858685687
858729766
859023074
859115489
859324483
859493618
859738342
860109819
860139242
860171189
860633762
860637820
860687160
860939454
861395269
861586242
861798587
861876246
862104250
862328712
862703007
862777348
862851284
862978587
863252766
863516607
864093497
864146893
864154160
864245937
864280256
864355702
864357624
864561065
864762954
864874465
864913429
865132190
865174148
865803466
865831268
866232639
866240133
866291968
866604702
867180392
867239484
867319198
867399574
867864870
867979921
868036238
868602527
868638003
868658062
869379128
869393175
869429010
869566807
869803584
869928826
869970912
870072890
870890997
870926645
871075090
871080665
871170398
871175702
871637767
871680689
872179950
872222417
872476502
872561389
872653940
872736096
872978313
873054499
873081530
873269493
873438277
873912167
873929162
873958076
874074186
874253323
874871298
875539358
875593667
875661370
875728554
875841101
875969671
876916844
877056000
877077844
877079993
877096580
877135771
877217624
877890454
877988759
878135798
878153303
878266748
878469544
878506365
878617234
878912826
879057661
879735331
879884836
879977855
880147605
880319271
880646315
880896664
881490190
881499920
881670352
881766625
881799781
881854993
882123230
882340439
882520343
882609796
882693797
882755220
882756876
882822671
883005336
883265212
883324899
883797105
884064591
884338244
884342238
884347203
884422967
884841553
884876605
885218138
885788287
885908409
886002578
886011180
886025031
886180644
886204243
886340702
886366184
886510392
886562620
886640962
886888665
886972136
887057035
887555871
887594641
887627441
887633942
887639887
887961798
888569296
888593195
888595944
888662145
888963331
889034894
889168678
889378043
889401861
889657965
889699521
890073300
890221455
890360689
890517376
890531365
890683207
890820814
890841767
890842994
891009665
891034736
891151943
891369302
891640584
891712273
891888910
891949385
891954235
892242197
892373219
892387142
892475500
892612473
893160351
893369360
893563808
893824091
894269884
894284292
894588380
895123915
895166298
895186412
895189601
895335083
895684086
895869346
896284176
896389225
896511539
896808564
897600289
897669091
898325053
898516680
898807929
899226650
899237944
899697783
899905577
900097283
900182860
900344150
900516428
900545281
900929640
900984546
901072510
901313716
902104109
902301662
902353805
902551337
902581166
902659468
902750022
902983145
903033160
903047227
903257217
903321968
903496083
903611138
903805981
904226896
904440681
904520017
904618254
904685722
904987830
905004865
905075776
905181000
905260395
905420415
905521988
905733498
906152303
906888796
906998911
907008440
907104395
907159003
907266872
907311152
907483494
907656665
907683979
907813237
908184423
908560406
908613435
908666555
908788388
908888850
909007199
909078990
909121337
909485743
909582183
909627821
909837483
909908307
910133436
910444533
910506607
910554893
910606677
910706712
910720093
911038144
911071866
911086436
911154360
911613452
911715745
912101922
912126534
912189315
912661647
912960449
913089900
913194230
913504027
913891833
914028305
914312008
914529167
914981474
915048822
915083776
915280045
915752550
915838620
915873973
915919622
916073164
916255206
916456756
917758867
917906378
918043510
918216715
918631008
918919341
919009535
919277709
919386449
919566213
919606751
919626407
919736989
919870693
919924503
919966031
919967325
920252951
920677901
920749100
920838273
921035850
921326193
921359657
921620248
921687972
922007814
922082843
922157377
922257624
922509116
922728526
922771202
923055846
923292541
923327488
923376100
923893908
924184933
924343106
924352296
924518140
924569865
924583758
924621244
924627519
924695979
924879485
925064762
925298706
925368750
925385898
925395573
925771055
925805321
926261583
926355611
926389733
926908421
927842173
928021170
928460533
928723270
928801032
928849805
928854544
929364245
929400124
929705089
929870655
929916026
930028122
930436788
930584868
931063741
931118980
931352686
931463705
931497626
931735935
932258918
932517080
933179907
933636446
933715062
933741826
934680714
934705251
935394260
935676917
935723341
935810734
935862556
935864010
935866628
936040714
936084163
936244905
936986851
937271446
937568605
937977809
938323388
938336746
938878709
939592321
939627891
939736644
939740523
940030765
940382764
940440878
940915534
941150250
941399446
941540090
942083837
942087485
942229063
942261453
942268608
942285540
942433479
942494723
942676146
942826278
942993015
943294025
943561480
943574840
943706106
944008461
944729181
944827122
944942883
944971533
945371294
945657779
945749675
945942937
946174373
946397419
947116448
947220540
947452311
947544422
947671852
948140426
948840575
948848640
948858978
949764566
949788002
950051869
950053186
950524793
950713006
950805804
950953316
950976796
951330808
951500321
951538085
951860359
951884893
952140306
952296851
952407054
952711556
953042761
953186167
953363549
953620116
953804181
953995805
954065784
954291161
954353649
954630532
955155142
955227381
955319866
955370150
955502277
955618290
955645020
955927180
956014400
956244184
956339620
956411858
956464229
956648921
956823433
956827857
956917885
956954241
956985707
957038328
957643042
957927887
957931162
957975020
958137204
958203208
958420282
959469896
959812139
959985317
959996494
960019917
960142182
960269951
960381576
960761269
960819441
960820385
960826778
960865868
960958499
961042730
961094247
961296002
961972315
962173679
962427239
962433336
962513478
962706906
962758163
962961720
963189832
963672286
963901294
963985660
964247959
964838714
964878145
964926957
965039310
965129998
965570737
965640220
965822336
965844273
965910284
965927035
965959464
965994379
966205126
966374114
966678349
966808910
967150640
967334260
967784929
967973185
968300252
968615871
969093086
969587524
969632413
969970395
970004879
970417855
970580879
970671223
971007664
971141197
971427860
971543179
971764203
971894086
972007542
972450860
972585412
972782301
972823418
972934585
973284468
973774805
973823754
974617852
974687895
974967809
975164593
975572917
975706240
976159156
976222883
976261474
976424064
976596587
976759569
976887039
977211711
977214760
977408492
977718008
977736581
977896293
978463489
978597626
978650763
978706317
978798963
978944977
979023665
979116848
979277591
979391138
979535769
979689105
979743602
979823213
979845412
980130972
980144207
980153303
980525096
980579703
980674148
980709848
980717736
980739443
980907666
981432693
981972045
982155595
982185400
982192133
982277661
982316718
982431864
982816833
983052916
983306323
983489091
983961002
984133288
984608036
985149783
985205643
986051976
986496009
986802977
986936574
987051028
987061168
987587882
987637042
987672106
987969870
988284637
988377904
988465037
988589813
988684480
988740910
988794976
988908070
988919906
989133237
989407474
989683036
989714508
990350722
990442607
990849345
991124743
991502567
991584210
991649086
991679089
991962470
992232311
992737969
992903892
992930523
993003964
993149203
993808639
993828626
993935858
994258756
994334689
995051123
995197036
995259583
995731401
995733374
995878146
995882271
995903204
996153911
996545887
996708838
996857152
996942041
997037223
997074549
997409791
997669252
998259292
998708565
998818545
998978268
999323026
999413253
999681988
999692817
999757747
999856469
